diamond  3 2008年08月01日20点6小时降雨量                     
  08  08  01  20    -1 2 10  50 1 0
 39 122.7  37.3 122.5  36.7 120.8  36.2 119.3  35.0 120.4  34.3
 121.1  32.7 122.3  30.9 122.5  30.1 121.5  28.0 119.8  25.0
 116.1  22.6 111.0  21.0 111.0  18.6 109.6  18.1 108.3  18.5
 108.9  19.9 109.3  21.0 106.4  21.6 104.1  22.2 101.6  20.8
  98.7  22.0  97.1  24.1  97.7  27.0  91.7  26.6  85.7  27.7
  78.9  30.6  73.3  37.1  74.1  40.7  87.6  49.8  98.5  43.9
 110.4  44.3 122.0  54.7 135.7  48.3 131.5  42.2 125.2  39.4
 121.3  38.5 121.2  40.3 118.5  38.6 120.8  38.1
1         334
  50353 126.65  51.72  178    0.2
  50442 124.11  50.40  372   13.0
  50445 123.73  50.58  425    0.5
  50468 127.45  50.25  167    8.0
  50548 123.72  49.20  287    2.0
  50557 125.23  49.17  243   19.0
  50564 127.35  49.43  235   23.0
  50645 124.48  48.46  193   14.0
  50656 126.51  48.28  272    4.0
  50658 125.88  48.05  236    5.0
  50739 123.18  47.33  191    0.4
  50742 124.48  47.80  165   0.01
  50745 123.92  47.38  147   0.01
  50756 126.97  47.43  240    0.3
  50774 128.90  47.71  232    0.3
  50779 134.28  48.36   66    3.0
  50788 131.98  47.23   67   15.0
  50833 122.90  46.71  189   0.01
  50862 128.01  46.98  213   0.01
  50873 130.28  46.81   82    6.0
  50877 129.58  46.30  101    3.0
  50888 132.18  46.32   84   14.0
  50953 126.77  45.75  143    0.1
  50963 128.73  45.97  110    0.1
  50968 127.97  45.22  191    2.0
  50973 130.58  45.75  221    1.0
  50978 130.95  45.28  238    2.0
  50983 132.97  45.77  104   15.0
  51886  90.85  38.25 2947   0.01
  52602  93.40  38.75 2770   0.01
  52633  98.41  38.80 3368    0.3
  52645  99.58  38.42 3320    4.0
  52657 100.25  38.18 2789    0.4
  52737  97.37  37.37 2982    6.0
  52754 100.13  37.33 3302    1.0
  52884 103.93  36.35 1670    0.3
  52889 103.88  36.05 1518   0.01
  52908  93.08  35.22 4614   0.01
  52943  99.98  35.58 3324    3.0
  52955 100.75  35.58 3202   0.01
  52968 101.47  35.03 3664    3.0
  52974 102.01  35.51 2492   0.01
  52983 104.15  35.87 1875    0.9
  52986 103.86  35.36 1888    0.1
  52993 105.08  35.68 2013    0.3
  52996 105.00  35.38 2450   0.01
  53343 109.96  41.76 1613   0.01
  53357 110.05  41.03 1361    6.0
  53446 109.85  40.66 1069    4.0
  53455 110.53  40.55 1000    0.8
  53457 110.03  40.40 1012    5.0
  53810 105.90  36.98 1345   0.01
  53817 106.26  36.00 1753   0.01
  53898 114.36  36.11   76   0.01
  53903 105.71  35.96 1921    0.1
  53910 106.20  35.67 2843   0.01
  53915 106.67  35.55 1348   0.01
  54076 126.93  44.42  252    0.2
  54094 129.60  44.57  243    2.0
  54096 131.15  44.38  498    2.0
  54171 126.56  43.70  229    0.1
  54181 127.33  43.70  295    2.0
  54186 128.20  43.37  526    2.0
  54195 129.76  43.33  241    0.2
  54254 124.05  42.53   99   0.01
  54259 124.91  42.10  235    0.4
  54263 126.05  42.95  333    0.1
  54266 125.63  42.53  341    1.0
  54273 126.75  42.98  264    0.5
  54276 126.82  42.35  550    1.0
  54284 127.56  42.10  775   12.0
  54285 128.25  42.53  592    3.0
  54286 129.00  42.53  475    2.0
  54292 129.47  42.88  178    2.0
  54333 122.83  41.98   32   0.01
  54335 122.08  41.68   38   0.01
  54337 121.12  41.13   70    0.7
  54339 123.00  41.08   72    1.0
  54342 123.45  41.73   45   0.01
  54346 123.78  41.31  183    1.0
  54349 124.28  41.30  206    0.9
  54351 124.08  41.91  120    0.1
  54353 125.05  41.73  329    0.7
  54363 125.90  41.68  403    2.0
  54365 125.35  41.26  242   14.0
  54371 126.43  41.93  523    8.0
  54374 126.92  41.80  333   24.0
  54377 126.15  41.10  179   40.0
  54386 128.51  41.41  783   13.0
  54436 118.95  40.40  229    0.1
  54452 119.82  40.80  367    0.6
  54454 120.35  40.35   16   0.01
  54470 122.07  40.98    5    0.1
  54471 122.26  40.67    4    0.2
  54472 122.72  40.88   27    0.5
  54476 122.15  40.17   38    3.0
  54486 123.28  40.28   81   24.0
  54493 124.78  40.72  262   24.0
  54497 124.33  40.05   14   24.0
  54523 117.10  39.40    7    0.6
  54539 118.90  39.41   12    1.0
  54563 122.01  39.63  120    0.6
  54579 122.58  39.27   31    4.0
  54584 122.95  39.72   36    2.0
  54606 115.73  38.23   20   0.01
  54623 117.71  39.05   13   0.01
  54624 117.35  38.36    7    0.2
  54660 121.23  38.82   62    8.0
  54662 121.63  38.90   97    5.0
  54715 116.56  37.33   19    0.6
  54764 121.25  37.50   34    1.0
  54776 122.68  37.40   46   0.01
  54821 117.11  36.98   22    0.3
  54823 117.05  36.60  169   31.0
  54826 117.10  36.25 1537    2.0
  54836 118.15  36.18  304    7.0
  54842 119.93  36.76   49    0.7
  54843 119.18  36.76   19    2.0
  54857 120.33  36.07   77    7.0
  54863 121.17  36.77   64   0.01
  54900 115.01  35.70   53   21.0
  54909 115.55  35.10   52   18.0
  54929 117.95  35.25  121    0.1
  54936 118.83  35.58  109    0.7
  54945 119.53  35.43   37   52.0
  55294  91.10  32.35 4801    0.1
  55591  91.13  29.67 3650   0.01
  55598  91.76  29.25 3553    0.1
  55680  89.60  28.91 4041    6.0
  55681  90.40  28.97 4433   0.01
  55696  92.47  28.42 3861    7.0
  55773  89.08  27.73 4301   0.01
  56004  92.43  34.22 4534   0.01
  56018  95.30  32.90 4069    0.5
  56021  95.78  34.13 4176   0.01
  56029  97.02  33.02 3682    2.0
  56034  97.13  33.80 4418    3.0
  56043 100.25  34.46 3720   0.01
  56046  99.65  33.75 3969    0.4
  56065 101.60  34.73 3501   0.01
  56067 101.48  33.43 3630    2.0
  56074 102.08  34.00 3473   0.01
  56080 102.90  35.00 2911   0.01
  56116  95.60  31.42 3874    5.0
  56125  96.48  32.20 3645    2.0
  56137  97.17  31.15 3307   11.0
  56144  98.58  31.80 3185    0.8
  56146 100.00  31.62 3394   0.01
  56151 100.75  32.93 3530    0.2
  56152 100.33  32.28 3896    0.1
  56167 101.12  30.98 2959    0.1
  56172 102.23  31.90 2666    1.0
  56173 102.55  32.80 3493    0.6
  56178 102.35  31.00 2369    0.1
  56182 103.57  32.65 2852    0.1
  56187 103.83  30.70  541   0.01
  56202  93.28  30.66 4490    4.0
  56251 100.31  30.93 2999    9.0
  56257 100.27  30.00 3951    3.0
  56287 103.00  29.98  629    0.8
  56307  92.58  29.15 3261    1.0
  56331  97.83  29.67 3781   0.01
  56357 100.30  29.05 3729    2.0
  56374 101.97  30.05 2616   0.01
  56385 103.33  29.52 3049    0.4
  56386 103.75  29.56  422   0.01
  56462 101.50  29.00 2994   0.01
  56475 102.51  28.65 1660    2.0
  56479 102.85  28.00 2134    1.0
  56485 103.58  28.26 1254    0.1
  56543  99.70  27.83 3277    0.9
  56565 101.51  27.43 2545    0.9
  56586 103.71  27.35 1950    0.4
  56645  99.41  26.41 2345    0.2
  56671 102.25  26.65 1789   0.01
  56684 103.28  26.41 2113   0.01
  56691 104.28  26.87 2236    4.0
  56697 104.08  26.22 1984    0.8
  56739  98.50  25.01 1649    0.3
  56748  99.17  25.12 1655    0.1
  56778 102.68  25.02 1897    0.4
  56786 103.83  25.58 1900   0.01
  56792 104.96  25.78 1649    0.1
  56793 104.61  25.78 1517   0.01
  56838  97.85  24.02  776    0.4
  56844  98.58  24.43  915   0.01
  56846  99.90  24.60 1589   0.01
  56946  99.40  23.55 1104    0.1
  56954  99.93  22.57 1054    2.0
  56959 100.78  22.00  579    6.0
  56964 100.40  22.66 1303    0.5
  56969 101.56  21.48  633   20.0
  56973 102.83  23.62 1310    2.0
  56977 101.85  22.58 1121   10.0
  56985 103.38  23.38 1302    3.0
  56991 104.33  23.62 1556    2.0
  57004 104.88  34.73 1496   0.01
  57313 106.76  31.85  416    2.0
  57328 107.50  31.20  344    0.3
  57343 109.53  31.90  995    0.2
  57348 109.50  31.05  608   12.0
  57358 110.96  30.83  296   0.01
  57359 110.77  31.23  276    0.5
  57381 113.38  31.72   98   25.0
  57432 108.40  30.76  189   17.0
  57439 108.93  30.28 1073   0.01
  57458 110.65  30.20  620   0.01
  57516 106.46  29.58  260   0.01
  57517 106.25  29.28  209   0.01
  57523 107.68  29.86  215   0.01
  57537 108.17  29.30  322    3.0
  57595 114.50  29.60   74    7.0
  57598 114.58  29.03  147    5.0
  57606 106.83  28.13  972    2.0
  57614 106.22  28.33 1181   31.0
  57625 107.45  28.55  680    7.0
  57687 112.91  28.21   66   0.01
  57696 114.78  28.41   88    8.0
  57707 105.28  27.30 1514   0.01
  57710 106.42  27.82  879   0.01
  57718 106.73  27.10 1037    2.0
  57793 114.38  27.80  128    2.0
  57798 114.60  27.40   86   0.01
  57805 105.77  26.68 1319   0.01
  57825 107.98  26.60  723   35.0
  57832 108.66  26.96  632   31.0
  57840 109.20  26.90  400   13.0
  57853 110.63  26.73  340    0.4
  57857 110.32  26.37  476    1.0
  57866 111.61  26.23  173    0.1
  57874 112.23  26.42  116    0.1
  57889 113.95  26.08  834    1.0
  57894 114.17  26.58  838    0.4
  57896 114.50  26.33  125    2.0
  57926 107.88  25.41  430   0.01
  57932 108.53  25.97  287   0.01
  57965 111.60  25.53  191    0.6
  57993 115.00  25.87  138   0.01
  58026 117.95  34.30   24    0.1
  58102 115.76  33.86   42   0.01
  58118 116.53  33.28   28    0.1
  58135 118.22  33.45   17   0.01
  58138 118.51  32.98   36    1.0
  58141 119.03  33.66   15    0.5
  58150 120.25  33.77    7    0.1
  58221 117.38  32.95   26   36.0
  58225 117.67  32.53   77   33.0
  58236 118.30  32.30   33  116.0
  58238 118.76  32.00    8   57.0
  58241 119.45  32.80   10    0.2
  58252 119.47  32.18   29   30.0
  58319 116.95  31.06   82   0.01
  58321 117.23  31.87   37    5.0
  58326 117.87  31.62   24   15.0
  58336 118.52  31.70   20   47.0
  58338 118.58  31.15   20   11.0
  58345 119.48  31.43    8    0.9
  58354 120.32  31.58   11   0.01
  58424 117.05  30.53   20    0.1
  58429 117.78  30.97   38    4.0
  58436 118.98  30.62   89    0.2
  58448 119.70  30.23   43   0.01
  58457 120.17  30.23   43   0.01
  58506 115.98  29.58 1165   0.01
  58507 115.10  29.28   77    0.1
  58529 117.85  29.26   82    0.3
  58543 119.01  29.61  172   0.01
  58600 115.37  28.87   80    2.0
  58622 117.58  28.95   77   0.01
  58633 118.90  29.00   83   0.01
  58634 118.25  28.68  114   0.01
  58705 115.42  27.33   88    0.2
  58744 119.41  27.53  826   0.01
  58804 115.35  26.35  149   0.01
  58813 116.33  26.85  142   10.0
  58918 116.41  25.05  199    0.3
  59007 105.07  24.07 1251    0.1
  59012 106.57  24.78  973    5.0
  59021 107.03  24.55  486   0.01
  59023 108.05  24.70  214   0.01
  59034 108.66  24.48  150   0.01
  59037 108.10  23.93  172    1.0
  59046 109.40  24.35   98   0.01
  59051 110.50  24.77  135    4.0
  59058 110.52  24.20  147    5.0
  59061 111.27  24.82  194    0.1
  59065 111.51  24.41  109    0.4
  59072 112.38  24.78   98    8.0
  59087 113.53  23.87   68   16.0
  59092 114.81  24.91  207    7.0
  59096 114.48  24.37  215    7.0
  59097 114.20  24.05  161    6.0
  59107 115.25  24.10  102    3.0
  59209 105.83  23.41  795   0.01
  59211 106.60  23.90  176   0.01
  59218 106.41  23.13  740   15.0
  59227 107.15  23.08  438    0.3
  59228 107.58  23.31  113    8.0
  59238 108.80  23.21  123   0.01
  59242 109.23  23.75   85    0.2
  59249 109.61  23.11   56   0.01
  59265 111.30  23.48  117    1.0
  59271 112.43  23.63   56    6.0
  59278 112.45  23.05   47    5.0
  59280 113.05  23.67   19    7.0
  59288 113.10  23.01    7   0.01
  59289 113.75  23.03   20   18.0
  59294 113.83  23.33   38    3.0
  59298 114.41  23.08   22    0.1
  59303 115.76  23.93  122    2.0
  59304 115.18  23.63  141   14.0
  59306 115.83  23.43   42   0.01
  59417 106.85  22.33  130    3.0
  59431 108.21  22.63  126   35.0
  59446 109.30  22.41   66   28.0
  59453 110.16  22.65   85   0.01
  59454 111.00  22.91   99    5.0
  59456 110.93  22.35   84    3.0
  59462 111.56  22.76   58    0.1
  59478 112.78  22.25   33   0.01
  59493 114.10  22.55   40   0.01
  59631 108.35  21.78   31   0.01
  59632 108.62  21.95    6   0.01
  59647 109.10  21.03   55   0.01
  59658 110.40  21.22   29   0.01
  59664 111.00  21.50   13    0.9
  59754 110.16  20.33   69   0.01
  59758 110.35  20.03   18    0.8
  59838 108.62  19.10    8    0.9
  59845 109.58  19.52  169   15.0
  59849 109.83  19.03  249   15.0
  59941 109.51  18.76  329   10.0
  59948 109.52  18.23    7   0.01
  59954 110.03  18.50   12   0.01
