diamond  3 2016年10月19日08点24小时平均温度                       
  16  10  19  08    1000   0  0  0  0
1        1480
56875 102.55 24.3333 17.4 17.4
56641 98.8667 26.9 17.3 17.3
56697 104.0833 26.2167 15.3 15.3
845667 103.58 23.67 15.2 15.2
845669 103.28 23.83 21.2 21.2
56891 104.3167 24.9833 18 18
56946 99.4 23.55 22.3 22.3
845685 103.95 24.92 16.4 16.4
845686 103.7 24.7 15.2 15.2
845700 103.45 24.25 18 18
845706 103.41 24.11 20.6 20.6
845725 102.84 23.83 17.4 17.4
56975 102.4333 23.3667 23.7 23.7
56987 103.2319 22.7858 20.5 20.5
845830 103.55 22.92 24.7 24.7
59007 105.0667 24.0667 17.7 17.7
59205 105.6333 23.65 20.4 20.4
845845 102.73 23 23 23
845012 103.06 25.25 16.5 16.5
845031 103.33 25.53 15.8 15.8
845041 103.21 25.2 16.3 16.3
845413 102.58 24.37 15.6 15.6
845448 101.55 24.11 21.8 21.8
845911 98.87 25.45 21.8 21.8
845933 98.67 24.94 19.7 19.7
845935 98.41 25.53 14.1 14.1
845751 103.08 22.67 25.5 25.5
845066 102.79 24.91 17.7 17.7
845075 103.25 25.93 21 21
845462 102.95 24.32 15.4 15.4
845941 98.4 25.07 20 20
845767 102.42 23.25 16.7 16.7
845481 102.8 24.22 16.4 16.4
845958 99.03 24.56 23.5 23.5
845770 102.18 23.22 16.5 16.5
845109 102.77 25.34 13.6 13.6
845110 102.61 24.79 17.1 17.1
845114 103.03 26.04 13.1 13.1
845789 102.12 22.65 27 27
845125 103.08 24.99 15.5 15.5
845504 102.71 23.99 17.1 17.1
845507 102.91 24.64 17.3 17.3
846007 99.12 24.68 19.3 19.3
846009 99.13 24.58 17.6 17.6
56542 99.93 27.9 3.2 3.2
56567 100.8569 27.2569 13.3 13.3
845132 102.46 25.34 16.6 16.6
845133 102.52 25.23 18.5 18.5
845138 102.97 25.43 11.7 11.7
845515 102.69 24.21 15 15
845521 102.18 24 21.2 21.2
845586 102.06 24.58 18.7 18.7
56643 98.85 25.8667 22.1 22.1
845536 102.02 23.91 17.9 17.9
56684 103.2486 26.4022 14.9 14.9
56745 99.9536 25.6947 18.5 18.5
56751 100.1833 25.7 15.6 15.6
845311 102.2 24.06 20.3 20.3
56757 100.2867 25.2625 18 18
56761 101.3167 25.7167 17.8 17.8
56768 101.55 25.0333 18.4 18.4
845635 103.33 23.13 18.9 18.9
56785 103.0775 25.3558 15 15
845323 102.79 24.48 16.6 16.6
845650 103.2 23.48 18.4 18.4
56838 97.85 24 24.4 24.4
56842 99.1833 24.7333 20.5 20.5
56849 99.2333 24.0333 19 19
56856 100.8667 24.4667 22.2 22.2
845342 103.11 24.25 19.3 19.3
845347 102.8 24.41 17.3 17.3
56871 102.6 24.65 16.5 16.5
846910 99.99 25.65 18.6 18.6
846532 104.86 23.95 20.6 20.6
846536 105.27 23.92 16.9 16.9
847183 98.09 24.62 18.5 18.5
847184 98 24.55 19.3 19.3
847195 97.7 24.76 17 17
847200 98.42 24.7 20.5 20.5
847201 98.59 24.53 20.6 20.6
846274 103.87 25.3 13.5 13.5
846277 103.76 25.42 13 13
846546 104.48 23.45 18.1 18.1
846547 103.95 23.74 17.9 17.9
846313 104.11 25.08 14.4 14.4
846579 104 24.14 18.9 18.9
846583 104.37 24.07 16.5 16.5
846589 104.01 24.17 17.4 17.4
847515 100.21 21.75 24.3 24.3
846318 104.53 24.86 16.3 16.3
846322 104.31 24.88 17.9 17.9
846602 104.46 22.77 17.1 17.1
847530 101.43 21.59 21.8 21.8
847402 101.11 21.91 23.7 23.7
847413 100.67 22.13 23.2 23.2
846616 104.71 22.88 21.3 21.3
847551 100.78 22.03 24.1 24.1
847561 100.63 21.53 23.1 23.1
846355 103.83 25.75 14.8 14.8
846627 105.85 23.65 20.9 20.9
847568 100.61 21.74 21.8 21.8
847572 101.21 21.34 25.9 25.9
846636 105.83 23.75 21.1 21.1
847602 100.62 24.73 19.3 19.3
847452 101.3 21.3 23.2 23.2
846382 103.77 26.07 15.3 15.3
847604 100.73 24.65 20.9 20.9
847606 100.58 24.45 21.1 21.1
847609 100.93 24.3 21.2 21.2
846392 104.45 26.17 14.4 14.4
846923 100.03 25.43 19.3 19.3
846926 100.14 25.34 16.7 16.7
846803 99.8 26.48 11 11
846804 99.6 26.45 11.3 11.3
846806 99.55 26.3 13.9 13.9
846938 100.75 25.68 17.4 17.4
846942 100.55 25.47 18 18
846201 103.15 26.14 8.6 8.6
846831 99.18 25.84 18.7 18.7
846213 103.5 25.96 15.4 15.4
846968 100.08 24.15 16.4 16.4
846858 100.18 25.95 18.9 18.9
846861 100.22 25.82 17 17
846973 100.05 24.13 20.2 20.2
846503 104 23.2 17.6 17.6
846504 104.1 23.24 14.4 14.4
846871 100.16 25.67 14.5 14.5
846513 104.27 23.27 18.1 18.1
846884 100.59 25.93 22 22
846887 100.46 25.8 18.3 18.3
846888 100.61 25.9 21.8 21.8
846890 100.54 25.66 20.6 20.6
848810 99.76 23.95 22.1 22.1
848816 99.34 23.72 24.3 24.3
849107 101.34 26.05 14.1 14.1
849112 101.47 25.91 20.3 20.3
849113 101.66 26.03 20.2 20.2
848331 100.63 26.32 22.2 22.2
849141 101.21 25.65 16.5 16.5
849152 101.88 25.96 23.6 23.6
849159 101.96 25.7 17.6 17.6
849162 101.92 25.5 19.2 19.2
849206 101.37 25.52 14.9 14.9
847903 103.81 27.35 15.3 15.3
848363 100.8 27.43 11.4 11.4
849313 101.38 24.81 16.9 16.9
849315 101.2 24.68 17 17
849316 101.36 24.69 16.1 16.1
849318 101.73 24.84 17 17
849327 101.94 24.8 15 15
849329 101.51 24.67 21.6 21.6
849330 101.83 24.58 13.3 13.3
848401 98.62 28.02 15.1 15.1
849210 101.24 25.39 16.3 16.3
849227 101.55 25.49 17.4 17.4
849228 101.69 25.45 16.9 16.9
849232 101.47 25.33 17.2 17.2
847981 102.92 26.91 21.8 21.8
848483 99.2 26.87 17.6 17.6
848009 104.19 27.98 20.5 20.5
848026 103.86 28.04 17.2 17.2
848050 103.59 27.8 13.4 13.4
848609 99.89 24.7 18 18
849302 101.36 25.04 17.3 17.3
849305 101.6 24.99 17.6 17.6
848103 104.17 28.64 21.7 21.7
848819 99.48 23.41 20.5 20.5
848823 99.65 23.65 19.6 19.6
848829 99.19 23.52 22.8 22.8
847705 101.15 23.15 19.9 19.9
847707 101.05 22.95 19.3 19.3
848125 105.02 27.51 15.3 15.3
848830 99.13 23.45 22.1 22.1
848833 99.18 23.29 20.6 20.6
848834 99.1 23.29 23.2 23.2
847729 100.48 22.7 21.5 21.5
848131 104.97 27.41 15.6 15.6
848687 100.35 23.92 19.8 19.8
848873 98.91 24.04 18.2 18.2
847747 101.87 22.64 18.4 18.4
848717 99.33 24.42 22.8 22.8
848721 99.45 23.87 14.6 14.6
848723 99.7 24.2 14.7 14.7
848901 98.68 28.72 19.5 19.5
848904 98.92 28.07 15.4 15.4
848905 99.43 27.77 15.5 15.5
848910 99.13 28.32 5.4 5.4
847775 100.07 23.01 21.3 21.3
848209 99.81 27.15 14.5 14.5
848214 99.68 27.03 11.7 11.7
848727 99.57 24.03 13.7 13.7
848760 99.85 23.26 21.2 21.2
848952 99.8 27.55 5.3 5.3
848281 101.2 26.7 20.3 20.3
848286 101.38 26.59 22.7 22.7
848765 99.94 23.39 17.2 17.2
848791 99.83 24 22.7 22.7
848956 99.45 27.7 15.7 15.7
848957 99.83 27.13 14.4 14.4
849102 101.53 26.34 20.2 20.2
847802 99.36 22.48 25.1 25.1
847805 99.45 22.73 19.5 19.5
848322 101.02 26.47 20.1 20.1
848326 100.85 26.56 18.5 18.5
848797 99.6 23.75 19.8 19.8
848803 99.58 23.83 21.9 21.9
56543 99.75 27.85 4.7 4.7
56483 103.95 28.5833 19.1 19.1
56673 102.9267 26.9181 22.8 22.8
56664 101.2667 26.6333 21.5 21.5
56781 103.2667 25.55 16.5 16.5
56876 102.7667 24.2833 17.7 17.7
56964 100.9647 22.7869 20.5 20.5
56840 98.2978 24.8136 22.5 22.5
56961 101.05 23.0333 18.7 18.7
845549 102.88 24.3 14.8 14.8
845668 103.15 23.68 15.7 15.7
56950 99.8 23.4667 23.2 23.2
845703 103.2 24.17 16.3 16.3
56959 100.7833 22 24.9 24.9
845385 102.23 24.34 17 17
845388 102.06 24.19 17.7 17.7
845825 104.12 22.87 19.7 19.7
845840 102.65 23.25 21 21
56996 104.7 23.1333 19.6 19.6
845905 99.37 25.02 19.6 19.6
845907 99.06 25.36 19.9 19.9
845414 102.89 24.41 17.5 17.5
845750 103.22 22.87 16.3 16.3
845474 102.61 24.44 18.4 18.4
845940 98.5 25.21 15 15
845950 99.05 24.32 23.5 23.5
845759 102.78 22.85 20.7 20.7
845762 103.62 22.82 25.6 25.6
845765 102.18 23.37 18.1 18.1
845083 103 25.49 15.8 15.8
845089 102.75 24.7 16.8 16.8
845978 99.98 25.03 18.2 18.2
845773 102.22 23.32 16.2 16.2
845105 102.8 24.89 17.2 17.2
845112 102.67 25.52 18.6 18.6
845115 103.05 26.19 15.3 15.3
845983 99.47 24.73 21.8 21.8
846002 99.25 24.88 16.2 16.2
845811 103.78 23.25 17.8 17.8
845813 103.8 23.17 15.9 15.9
845118 103.15 25.19 15.3 15.3
845124 103.13 25 16.7 16.7
845131 102.57 25.33 13.6 13.6
845501 102.44 24.44 14.4 14.4
845135 103.14 25.28 16.2 16.2
845514 101.82 24.14 14.9 14.9
845523 101.64 24.25 17.4 17.4
845144 102.71 25.01 18.2 18.2
845541 101.62 23.96 21.9 21.9
845610 103.83 24.42 13.1 13.1
845617 102.35 23.85 20 20
56746 99.5317 25.4547 18.8 18.8
56748 99.1833 25.1167 19.8 19.8
845316 102.28 23.54 19.6 19.6
845321 101.88 23.66 24.8 24.8
845322 102.76 24.23 15 15
845638 103.33 23.47 19.2 19.2
56782 103.55 25.4167 13.7 13.7
845325 102.75 24.46 16.2 16.2
845653 103.25 23.42 19.1 19.1
845334 101.95 23.96 14.6 14.6
845335 101.68 24.17 18.1 18.1
846899 99.51 25.52 17.5 17.5
847167 98.22 24.39 21.2 21.2
847171 97.88 23.99 24.7 24.7
847174 97.75 23.92 24.2 24.2
846531 105.15 23.9 17.1 17.1
846537 104.88 24.28 18.2 18.2
847187 98.08 24.74 24.6 24.6
846276 104.06 25.25 14.7 14.7
846549 104.57 23.76 16.4 16.4
846279 104.01 25.17 14.4 14.4
846280 103.87 25.22 14.6 14.6
846293 103.38 25.28 13.5 13.5
846295 103.5 25.48 14.1 14.1
846552 104.64 23.6 16.9 16.9
846563 104.81 23.53 19 19
846566 104.58 23.24 19.3 19.3
847501 100.34 22.39 23 23
847632 101.14 23.72 21.7 21.7
846585 104.42 24.28 16.1 16.1
846586 104.3 23.95 16.1 16.1
847509 100.38 21.84 21.1 21.1
847510 100.42 21.59 20 20
847651 100.48 23.69 22 22
846331 104.02 24.9 15.2 15.2
846598 104.18 22.95 18.2 18.2
847519 100.95 22.08 22.3 22.3
847531 101.37 21.64 22.6 22.6
847405 100.67 21.73 23.2 23.2
846338 104 24.83 15.2 15.2
846352 103.6 26 17.4 17.4
846607 104.04 22.91 18.6 18.6
846610 104.59 23.11 16.6 16.6
846614 104.68 23 22.4 22.4
847537 101.58 21.43 24.3 24.3
847558 100.72 21.78 25.2 25.2
847567 100.78 22.03 23.4 23.4
846619 104.9 23.32 22.3 22.3
846628 105.9 23.91 22.3 22.3
846630 105.59 23.97 18.7 18.7
846374 103.96 26.47 15.7 15.7
846376 104.26 26.31 14 14
847588 100.83 22.02 24.3 24.3
846384 104.41 26.61 16.5 16.5
846390 104.46 26.31 12 12
846914 99.97 25.42 19.6 19.6
846805 99.94 26.43 13.6 13.6
846807 99.66 26.34 10.9 10.9
846931 100.09 25.04 13 13
846829 99.31 26.07 12.9 12.9
846830 99.44 26.07 14.4 14.4
846957 100.45 25.27 19.4 19.4
846210 103.43 26.2 14.5 14.5
846832 99.37 25.81 17.6 17.6
846834 99.51 25.84 13.2 13.2
846217 103.17 26.6 15.4 15.4
846218 103.65 26.82 12.1 12.1
846848 99.67 25.97 14.2 14.2
846860 100.12 25.85 19.1 19.1
846865 100.25 25.7 17.4 17.4
846882 100.76 26.16 22.4 22.4
846254 104.32 25.48 15.1 15.1
846891 100.62 25.62 20.2 20.2
848809 99.35 23.63 17 17
848812 99.72 23.94 22.5 22.5
848814 99.8 23.8 20 20
849132 101.23 25.95 13.3 13.3
849133 101.35 25.91 17.1 17.1
849153 101.78 25.87 23.3 23.3
849154 101.92 25.7 23.1 23.1
849160 101.82 25.61 15.9 15.9
849161 101.9 25.62 23 23
848361 100.66 27.76 11.7 11.7
848367 100.61 27.22 17.6 17.6
848370 100.98 27 11.7 11.7
847944 103.47 27.04 11.2 11.2
847945 103.44 27.43 14 14
847974 103.35 26.98 16.7 16.7
847976 103.05 26.57 22.4 22.4
849234 101.53 25.28 17.6 17.6
847978 103.04 27.09 13.3 13.3
848004 104.38 28.27 18.7 18.7
848005 104.09 28.16 18.9 18.9
848448 98.89 25.65 20.4 20.4
848481 99.53 26.69 10.6 10.6
848025 103.87 27.67 16.7 16.7
848604 99.87 24.43 19.4 19.4
849280 101.01 25.15 14.4 14.4
849281 101.22 25.18 17.9 17.9
848075 104.26 27.77 14.1 14.1
848611 99.77 24.28 20.2 20.2
848616 100.02 24.67 12.9 12.9
849306 101.49 24.94 17.4 17.4
847679 101.58 23.58 21.6 21.6
848101 104.25 28.65 20 20
848821 99.36 23.45 21.2 21.2
848822 99.64 23.57 18.7 18.7
848825 99.39 23.67 23.2 23.2
848826 99.51 23.74 18.5 18.5
848828 99.2 23.58 23.6 23.6
848105 103.99 28.52 18.6 18.6
848121 104.67 27.73 19.3 19.3
848652 100.32 24.28 18.1 18.1
848840 99.2 23.24 19.2 19.2
847710 101.45 22.78 19 19
847726 100.88 22.77 18.4 18.4
847732 100.57 22.57 23.8 23.8
848129 105.19 27.57 17.6 17.6
848682 99.91 23.88 17.7 17.7
848841 99.41 23.24 17.2 17.2
848870 99.02 23.89 23.8 23.8
847748 101.88 22.76 20.3 20.3
848139 105.22 27.67 15.3 15.3
848161 105.17 27.95 20.2 20.2
848202 99.99 26.75 11.5 11.5
848902 98.77 28.45 12.7 12.7
848907 99.3 28.23 17.9 17.9
848908 99.08 28.95 12.8 12.8
847771 99.83 23.04 23.7 23.7
847774 99.48 22.54 18.6 18.6
848205 100.25 27.3 18.9 18.9
848211 100.15 26.86 12.7 12.7
848932 99.38 27.61 11.8 11.8
847780 99.64 22.51 22 22
848282 101.27 26.58 24.8 24.8
848287 101.23 26.84 18.1 18.1
848954 99.77 28.05 5 5
848958 99.65 27.37 14.1 14.1
848321 100.66 26.75 20.1 20.1
848329 100.57 26.02 22.6 22.6
848796 98.88 23.55 18.1 18.1
56649 99.9583 26.1056 15 15
56755 100.3997 25.3867 19 19
56843 99.6167 24.8333 18.4 18.4
56883 103.9839 24.8158 15 15
56977 101.85 22.5833 19.5 19.5
56992 104.7 23.45 16.3 16.3
56739 98.5056 24.9844 18.1 18.1
56873 102.9231 24.6783 16.9 16.9
56595 104.8736 27.4142 15 15
56958 100.4675 21.9589 20.3 20.3
845683 102.58 23.1 17.4 17.4
56951 100.0833 23.8833 20.4 20.4
56952 100.7 23.5 24 24
56966 101.9833 23.6 24.9 24.9
56967 100.6 21.95 19.2 19.2
56969 101.5789 21.4756 23.4 23.4
845722 102.73 23.55 17.5 17.5
845728 102.65 23.57 19.6 19.6
56976 102.8492 23.2231 26.2 26.2
56989 103.95 22.5 26.7 26.7
845001 103.44 24.83 14.6 14.6
845014 103.04 25.31 16.1 16.1
845421 102.81 24.43 17.7 17.7
845910 98.87 24.97 24.5 24.5
845752 103.17 22.61 27.1 27.1
845071 102.51 25.5 18.5 18.5
845081 102.89 26.02 13.4 13.4
845464 101.57 24.05 23.8 23.8
845937 98.6 25.23 17.5 17.5
845087 103.1 26.03 19.5 19.5
845098 102.58 25.63 17.4 17.4
845099 103.25 25.43 15.3 15.3
845482 102.67 24.42 15.9 15.9
845954 98.68 24.75 20.8 20.8
845956 98.93 24.34 17.3 17.3
845106 102.79 24.83 16.9 16.9
845982 99.64 24.52 21.9 21.9
845986 99.67 24.69 18.3 18.3
845815 103.8 22.98 25.8 25.8
845117 103.23 24.6 16.3 16.3
845503 102.73 24.33 18.5 18.5
845506 103.01 24.38 14 14
845509 102.08 24.62 13 13
845512 102.47 24.17 17.7 17.7
846003 99.13 24.47 15.4 15.4
56557 100.24 27.17 5 5
845134 103.12 25.32 15.8 15.8
845513 102.07 23.93 17.5 17.5
845601 103.4 23.5 20 20
845604 103.15 23.77 19.8 19.8
845148 102.74 25.15 16.7 16.7
845530 101.75 23.78 24.3 24.3
845303 101.96 24.68 19.8 19.8
56764 101.2333 25.5333 18.1 18.1
845315 101.83 23.42 18.3 18.3
845318 102.12 23.39 17.6 17.6
845320 101.85 23.51 17.7 17.7
845633 103.78 23.4 14.6 14.6
56786 103.8333 25.5833 15.3 15.3
845326 102.81 24.37 17.6 17.6
845328 101.51 24.15 22.2 22.2
845652 102.95 23.18 14.7 14.7
56836 97.95 24.7 24.3 24.3
845346 102.65 24.14 16.3 16.3
56863 102.4972 24.9236 17.5 17.5
847165 98.18 24.2 21 21
847166 98.39 24.51 16.7 16.7
846255 104.3 25.55 15.3 15.3
846257 104.07 25.64 13.3 13.3
846260 104.3 25.41 15 15
846262 104.68 25.68 14.9 14.9
847179 98.17 24.46 20.2 20.2
847185 98.04 24.24 23.6 23.6
847178 97.98 24.32 22 22
846271 103.87 25.5 15.9 15.9
846545 104.48 23.65 15.9 15.9
846291 103.39 25.36 13.9 13.9
846296 103.63 25.33 13.4 13.4
847460 101.26 21.94 24.9 24.9
847503 100.57 21.87 19.4 19.4
847634 100.89 23.86 21.5 21.5
847635 100.66 23.94 20 20
846297 103.4 25.45 14 14
846312 104.24 25.15 15.3 15.3
846581 103.85 24.25 11.4 11.4
847506 100.56 22.05 19.9 19.9
847514 100.6 21.96 19.5 19.5
847654 100.15 23.35 19.5 19.5
847656 100.97 23.33 21.9 21.9
847658 100.43 23.07 20.8 20.8
846597 104.48 22.91 18.2 18.2
847401 100.68 21.93 23.5 23.5
847412 101.01 22.04 23.8 23.8
847566 100.78 22.04 24.2 24.2
847415 100.92 21.86 23.2 23.2
847416 100.89 22.25 21.8 21.8
846353 104.02 25.65 13.4 13.4
846625 106.08 23.89 20.6 20.6
846626 105.97 23.77 21.8 21.8
847570 101.51 21.93 22.1 22.1
846634 105.7 23.56 18.9 18.9
847589 100.89 22.05 22.2 22.2
847599 100.93 21.84 24.6 24.6
846381 104.07 26.09 14.6 14.6
846383 103.85 26.24 15.2 15.2
846387 104.51 26.45 13.9 13.9
847612 100.46 24.02 22.6 22.6
846912 100.05 25.58 20 20
846913 99.92 25.49 19.8 19.8
846925 100.22 25.42 19.3 19.3
846801 99.84 26.6 11.1 11.1
846929 100.13 25.15 18.7 18.7
846930 100.3 25.23 19.1 19.1
846939 100.73 25.57 14.4 14.4
846820 100.33 26.4 16.1 16.1
846828 99.4 26.16 12.1 12.1
846945 100.9 25.33 15.9 15.9
846835 99.25 26.69 18.5 18.5
846837 99.13 25.66 15.5 15.5
846216 103.26 26.54 13.8 13.8
846859 100.12 25.95 18.5 18.5
846232 103.95 25.12 14.3 14.3
846236 103.52 24.91 14.8 14.8
846501 104.03 23.4 15.3 15.3
846864 100.15 25.7 17.5 17.5
847162 98.23 24.25 20.4 20.4
846240 103.69 24.86 14 14
846241 103.82 25.18 14 14
846243 103.73 24.85 14 14
846524 104.79 24.14 17.2 17.2
848813 99.51 23.62 21.3 21.3
848817 99.78 23.77 18.9 18.9
849111 101.54 25.98 17.5 17.5
849126 101.19 26.36 21.7 21.7
848818 99.62 23.53 18.8 18.8
849135 101.1 25.85 18.9 18.9
849155 101.86 25.82 22.3 22.3
849179 101.99 25.87 14.5 14.5
847905 103.48 27.49 14.4 14.4
849314 101.07 24.67 19.8 19.8
847941 103.48 27.19 19.8 19.8
849334 101.25 24.45 20.6 20.6
847971 103.06 27.32 18.3 18.3
848402 98.67 27.9 14.7 14.7
848424 98.89 26.76 18 18
849336 101.78 24.3 23.5 23.5
849226 101.67 25.58 19 19
849233 101.46 25.25 16.6 16.6
848442 98.87 26.25 22.5 22.5
848445 98.82 25.98 18.6 18.6
849254 102.29 25.41 17.1 17.1
849258 102.19 25.2 15.6 15.6
848022 103.91 27.91 18.9 18.9
848024 104.01 28.01 20.6 20.6
848487 99.13 26.19 19.4 19.4
848601 99.95 24.92 21.2 21.2
849268 102.04 24.9 18.7 18.7
849277 101.14 25.23 17.5 17.5
849278 101.27 25.31 15.9 15.9
849279 100.87 25.16 20.1 20.1
848047 103.5 28.11 17.1 17.1
848608 100.03 24.52 19.5 19.5
849287 100.8 24.78 19 19
847677 101.53 23.66 23 23
848102 103.86 28.66 21.5 21.5
848642 100.48 24.52 22.8 22.8
848644 99.97 24.16 23.7 23.7
848650 100.47 24.35 20.6 20.6
848836 98.91 23.49 24 24
847730 100.67 22.68 23.9 23.9
847731 100.72 22.63 23 23
848137 104.63 27.68 17.3 17.3
848689 100.16 23.69 18.9 18.9
848140 104.92 27.61 16 16
848165 104.82 27.84 19.3 19.3
848719 99.45 24.05 19.9 19.9
848722 99.42 23.88 21.2 21.2
847753 101.65 22.68 21.6 21.6
847768 99.74 23.18 18.6 18.6
848210 100.23 26.95 13 13
848763 99.96 23.46 16.7 16.7
848926 99.35 27.18 10.4 10.4
848927 99.08 27.37 14.8 14.8
848283 101.42 26.62 21.5 21.5
848792 99.09 23.57 25.5 25.5
848955 99.68 28.57 15.5 15.5
847787 99.8 22.44 21.1 21.1
56962 101.6667 23.3833 18.1 18.1
56752 100.5703 25.8344 22.3 22.3
56978 102.4167 23 17.6 17.6
56949 99.6 22.3167 23.3 23.3
845670 103.4 23.61 18.5 18.5
56882 102.8258 24.9086 16.4 16.4
56885 103.45 24.4 18.8 18.8
845584 101.99 24.75 15.3 15.3
845681 103.68 24.37 16.2 16.2
845684 103.72 24.47 16 16
845680 103.75 24.63 15.7 15.7
845708 103.43 24.4 19.5 19.5
845704 103.18 24.42 16.3 16.3
845724 103.18 24.39 19.1 19.1
56970 102.4961 23.7189 18.9 18.9
56986 103.6833 22.9833 18.2 18.2
845842 102.98 23.07 17.8 17.8
845904 99.33 25.27 17.2 17.2
845908 98.98 25.57 19.2 19.2
845011 103.04 25.34 16.4 16.4
845025 103.26 25.74 16.5 16.5
845913 99.21 25.25 17.2 17.2
845739 102.23 23.87 15.2 15.2
845069 102.77 24.68 16.7 16.7
845461 102.91 24.23 16.6 16.6
845467 102.03 23.55 25.1 25.1
845471 102.5 24.39 19.5 19.5
845761 103.03 22.78 18.2 18.2
845091 102.55 24.55 15.8 15.8
845486 102.98 24.74 15 15
845975 99.35 24.54 24.5 24.5
845976 99.8 24.99 16.8 16.8
845775 102.36 23.23 19.8 19.8
845108 102.93 25.38 11.1 11.1
845490 102.69 24.21 16.8 16.8
845495 102.71 23.99 18.8 18.8
845496 103.07 24.33 18.8 18.8
845979 99.44 24.89 23.3 23.3
845980 99.9 25.09 19.4 19.4
845984 99.55 24.72 19.1 19.1
846001 99.23 24.6 16.5 16.5
845814 103.75 23.1 23.9 23.9
845128 102.26 24.49 17.7 17.7
845130 102.63 25.33 16.7 16.7
845502 102.45 24.48 14.4 14.4
845511 102.2 24.27 18.2 18.2
846004 99.03 24.83 17.1 17.1
846006 99.17 24.82 20.4 20.4
846008 99.32 24.72 19.4 19.4
56489 103.6333 28.2333 19.4 19.4
56548 99.2853 27.1764 11.7 11.7
845136 103.22 25.31 16.2 16.2
845139 102.88 25.3 15.6 15.6
845141 102.45 25.13 15.7 15.7
845517 102.5 24.31 17.7 17.7
845518 101.87 24.04 18 18
845520 101.98 24.12 17.1 17.1
845608 103.85 24.63 15.4 15.4
56651 100.2175 26.8469 13.5 13.5
845147 102.74 25.28 14.4 14.4
845301 102.16 24.57 19.8 19.8
845527 101.78 23.83 25.4 25.4
845529 101.39 24.27 20.6 20.6
845611 103.36 23.96 19.9 19.9
845613 103.42 24.5 15 15
56772 102.5 25.2333 17.6 17.6
845313 102.06 23.44 16.5 16.5
56783 103.8 25.5 15.7 15.7
845331 102.15 23.92 19.2 19.2
56839 98.8167 23.7667 22.2 22.2
845345 101.69 24.17 17.7 17.7
56869 101.9667 24.0667 18 18
56879 102.9094 24.19 17.2 17.2
846900 99.39 25.32 21 21
846901 99.57 25.26 19.1 19.1
847175 98.02 24.07 24.4 24.4
846259 104.52 25.23 13.4 13.4
846527 104.9 23.74 13.8 13.8
846529 105.17 23.63 15.3 15.3
846533 104.8 23.75 15.8 15.8
847192 97.82 24.55 24 24
846275 103.81 25.44 15 15
846294 103.58 25.27 13.4 13.4
846568 104.58 23.38 16.6 16.6
847633 100.97 23.7 20.9 20.9
846314 104.54 24.78 20.6 20.6
846582 104.03 24.3 17.7 17.7
847513 100.28 21.92 20.7 20.7
847653 100.8 23.67 24.7 24.7
847657 100.59 23.2 24.6 24.6
847675 101.25 23.8 17.2 17.2
846603 104.51 23.01 20.7 20.7
846604 104.29 22.95 16.7 16.7
847528 101.34 21.93 24.7 24.7
847532 101.67 21.42 25.3 25.3
847535 101.72 21.32 21.8 21.8
847403 101.02 21.95 23 23
847404 100.9 21.9 24.5 24.5
846337 104.07 24.55 15.9 15.9
846339 104.15 24.64 12.2 12.2
847559 100.87 21.71 26.1 26.1
847560 100.72 21.63 23.7 23.7
846357 104.12 25.83 13.2 13.2
846620 105.16 23.36 15 15
846629 105.61 23.86 16.8 16.8
846631 105.41 23.45 16.2 16.2
847583 101.22 21.4 25 25
847586 101.29 21.85 22.4 22.4
846373 103.99 26.16 13.6 13.6
846378 104.27 26.11 15.4 15.4
846380 104.25 26.01 14.1 14.1
847451 101.48 21.55 21.7 21.7
847603 100.49 24.65 21.3 21.3
847608 100.63 24.34 19.3 19.3
846389 104.39 26.32 13.2 13.2
846915 99.88 25.38 17.5 17.5
846916 99.91 25.28 20.3 20.3
846927 100.28 25.32 19.9 19.9
846928 100.32 25.18 18.5 18.5
846821 100.38 26.17 23.1 23.1
846953 100.42 25.35 19.5 19.5
846956 100.53 25.28 19.9 19.9
846958 100.45 25.2 15.8 15.8
846207 103.2 26.41 11.5 11.5
846209 103.37 26.25 14.4 14.4
846844 99.98 25.97 14.8 14.8
846845 99.99 26.18 14.5 14.5
846962 100.5 25.23 18 18
846966 100.08 25 20.9 20.9
846972 100.1 24.13 18.6 18.6
846221 103.3 26.42 16 16
846852 100.06 26 15.7 15.7
846231 103.57 25.04 14.8 14.8
846233 103.77 25.05 16.5 16.5
846235 103.72 24.9 14.5 14.5
846510 103.88 23.62 18.5 18.5
846512 104.31 23.21 18 18
846523 105.08 24.26 18.5 18.5
846525 104.66 23.99 18.1 18.1
846883 100.79 26.05 18 18
846886 100.86 25.92 17.7 17.7
848808 99.62 23.74 20.7 20.7
849128 100.95 26.12 17.3 17.3
848332 100.62 26.86 18.3 18.3
848333 100.83 26.74 13.4 13.4
849131 101.08 26.01 17.3 17.3
849178 102.08 25.9 22 22
849184 102.05 25.66 13.1 13.1
849185 102.19 25.61 15 15
849189 102.3 25.51 14.2 14.2
849309 101.05 25 17.9 17.9
847907 103.21 27.48 15.7 15.7
848365 100.76 27.25 13.2 13.2
848368 100.98 27.22 11.9 11.9
848371 100.93 26.89 13.5 13.5
849319 101.68 25.05 16.7 16.7
849328 101.83 24.73 17.7 17.7
847948 103.4 27.24 13.7 13.7
847975 102.99 26.78 23.2 23.2
848421 98.89 27.25 16.7 16.7
848422 98.87 27.03 17.3 17.3
848447 99.02 25.87 18.9 18.9
849251 101.77 25.4 20.2 20.2
849262 102.3 25.19 15.6 15.6
848008 104.26 28.21 16.9 16.9
848021 103.97 28.15 16.6 16.6
848041 103.88 28.32 19.6 19.6
848603 100.08 24.67 21.5 21.5
848606 100.07 24.87 17 17
849265 101.82 25.38 19.7 19.7
848610 99.77 24.61 20.4 20.4
849283 101.29 25.09 18.1 18.1
849286 100.85 24.89 17.9 17.9
849303 101.51 25.08 17.7 17.7
847676 101.29 23.63 19.3 19.3
847682 101.8 23.36 19 19
848827 99.26 23.65 24.6 24.6
847688 101.86 23.05 16.5 16.5
848649 100.25 24.35 22.5 22.5
848839 99.57 23.29 20.4 20.4
847709 101.33 23.02 18.5 18.5
848135 105.1 27.72 19.1 19.1
848681 99.95 23.97 19 19
848685 100.1 23.62 17.7 17.7
848868 99.16 23.94 16.1 16.1
848871 98.98 23.75 23.1 23.1
848203 100.07 27.1 14.4 14.4
848724 99.23 23.97 20.2 20.2
848909 99.01 28.38 -0.1 -0.1
848911 99.12 28.92 14.9 14.9
847772 99.56 23.26 20.5 20.5
847773 99.63 22.99 20.2 20.2
848758 100.02 23.42 20.6 20.6
848929 99.03 27.6 15 15
847776 100.07 22.92 19.1 19.1
847781 100.18 22.89 20.7 20.7
848284 101.05 26.62 17.9 17.9
848795 99.68 23.88 23.7 23.7
848953 100.03 27.2 12.8 12.8
848325 100.49 26.76 13.7 13.7
848802 99.36 23.48 21.2 21.2
56766 101.5211 25.3075 17.9 17.9
56742 99.3739 25.8897 16.5 16.5
56854 100.1333 24.45 22.6 22.6
56846 99.9333 24.5833 18.8 18.8
56870 102.1811 24.6581 17.6 17.6
845543 101.71 23.84 23.6 23.6
845383 102.24 24.29 18 18
845709 103.53 24.45 16.8 16.8
845736 102.62 23.65 19.2 19.2
56973 102.8333 23.6167 19.9 19.9
56982 103.2867 23.6967 19.5 19.5
845386 102 24.24 17.9 17.9
845390 102.2 24.08 16.5 16.5
845737 102.5 23.98 15.5 15.5
56991 104.3333 23.6167 16.5 16.5
59064 111.3167 24.55 22.2 22.2
845004 103.4 24.71 14.2 14.2
845009 103.6 24.7 13.7 13.7
845039 102.27 24.97 16.6 16.6
845040 102.35 24.6 15.3 15.3
845415 101.99 24.64 14.1 14.1
845914 99.18 24.99 19 19
845915 98.85 25.13 24 24
845931 98.65 25.69 19.9 19.9
845043 103.23 25.03 17.1 17.1
845067 102.28 24.47 17.7 17.7
845466 102 23.7 24.5 24.5
845942 98.4 24.98 19.8 19.8
845944 98.67 24.87 20.3 20.3
845760 103.32 22.92 19.2 19.2
845766 102.35 23.28 16.8 16.8
845483 103 24.65 17.5 17.5
845951 98.72 24.45 18 18
845489 102.73 24.18 17.1 17.1
845492 102.65 24.14 16.8 16.8
846000 99.23 24.42 23.9 23.9
845791 101.97 22.85 23.1 23.1
845792 102.47 23.1 21.2 21.2
845126 103.25 24.68 16.9 16.9
845505 102.99 24.5 14.8 14.8
845140 103.05 24.87 15.8 15.8
845522 101.55 23.85 17.1 17.1
845524 101.54 24 15.2 15.2
845609 103.58 24.52 15.8 15.8
56585 103.5564 27.1931 15.6 15.6
56586 103.7167 27.35 15.4 15.4
56594 104.05 27.6333 21 21
56596 105.05 27.85 17.7 17.7
56645 99.4167 26.4167 11.2 11.2
845538 101.64 23.73 15.9 15.9
845616 102.55 23.88 15.7 15.7
845619 103 23.47 19 19
845308 102.22 24.41 17.5 17.5
845630 103.55 23.35 17.1 17.1
845317 102 23.62 25.5 25.5
845634 103.47 23.52 14.5 14.5
845637 103.3 23.45 19.5 19.5
56790 104.25 25.6833 14.2 14.2
845329 102.75 24.29 18.1 18.1
845651 103.17 23.25 12.1 12.1
845654 103.35 23.02 25.9 25.9
56880 103.1667 24.9167 18 18
847170 98.33 24.3 19.9 19.9
846258 104.29 25.8 13.6 13.6
846530 105.2 23.76 16.9 16.9
847182 97.8 24.26 23 23
847197 98.35 24.63 21.8 21.8
846273 103.91 25.36 14.7 14.7
846278 103.73 25.52 15.3 15.3
847193 97.94 24.97 16.8 16.8
846570 104.73 23.24 18 18
847458 101.52 21.85 21.6 21.6
847628 101.22 24.2 18.5 18.5
846584 104.1 23.88 15.9 15.9
847652 100.62 23.73 20.9 20.9
847659 100.38 23.1 24.2 24.2
846332 103.82 24.87 13.4 13.4
846605 104.18 23.07 17.6 17.6
847533 101.35 21.89 23.9 23.9
847414 100.77 21.97 24.9 24.9
846334 103.91 24.68 14.8 14.8
846618 105.06 23.46 17.7 17.7
847562 100.65 21.69 24.2 24.2
846356 104.04 25.91 13.4 13.4
846371 104.22 26.49 15.2 15.2
846372 103.72 26.27 15.7 15.7
847569 101.52 21.89 22.2 22.2
847581 101.25 21.31 23 23
847582 101.3 21.29 23.9 23.9
847584 101.31 21.4 23.6 23.6
846379 104.35 26.07 15 15
847590 100.89 22.07 21.8 21.8
846385 104.56 26.36 12.8 12.8
846386 104.49 26.53 15.4 15.4
846205 103.37 26.33 14.4 14.4
846822 100.25 26.1 21 21
846944 100.78 25.43 18.2 18.2
846208 103.15 26.52 16.3 16.3
846959 100.43 25.23 19.4 19.4
846969 100.05 24.15 16.5 16.5
846219 103.7 26.63 13.1 13.1
846850 99.93 26 13.5 13.5
846866 100.3 25.58 17.5 17.5
846253 104.46 25.38 13.3 13.3
846889 100.51 25.69 20.8 20.8
848811 99.44 23.59 21.9 21.9
848815 99.43 23.64 19.4 19.4
849108 101.57 26.09 17.3 17.3
849109 101.76 26.13 18.8 18.8
849129 101.09 26.13 14.1 14.1
847825 99.41 22.16 21.5 21.5
847826 99.58 22.16 24.9 24.9
849130 101.29 26.09 15 15
849151 101.91 26.07 19 19
849142 101.28 25.68 17.6 17.6
849180 102.29 25.88 13.6 13.6
849182 102.31 25.8 12.8 12.8
849190 102.16 25.42 14.1 14.1
849207 101.02 25.46 17.7 17.7
849312 101.15 24.88 15.6 15.6
848364 100.67 27.45 14.3 14.3
848372 100.79 27 14.6 14.6
848373 101.17 26.98 14.8 14.8
849331 101.47 24.56 17.1 17.1
849333 101.56 24.49 17 17
847946 103.6 27.01 19.3 19.3
848375 100.86 27.35 14.2 14.2
848425 98.89 26.72 18.6 18.6
849335 101.96 24.41 16.1 16.1
849229 101.67 25.47 17 17
849230 101.46 25.44 15.9 15.9
849231 101.59 25.37 15.9 15.9
847979 103.25 27.11 16.6 16.6
848480 99.38 26.87 12 12
849256 102.06 25.25 17.5 17.5
849259 101.92 25.21 16.2 16.2
849261 101.75 25.29 17.3 17.3
848042 103.55 27.99 22.4 22.4
848484 99.16 26.74 15.1 15.1
848486 99.16 26.47 18.3 18.3
848602 100 24.85 20.2 20.2
848607 100.17 24.65 18.8 18.8
849267 102.19 24.95 15.5 15.5
848046 103.85 28.21 19.5 19.5
849301 101.39 25.15 17.5 17.5
847684 101.63 23.02 19.6 19.6
847687 101.85 23.15 20.6 20.6
847708 101.2 23.03 18.4 18.4
848647 100.28 24.11 22.3 22.3
848838 99.42 23.35 23.1 23.1
848690 100.07 24.09 20.7 20.7
848691 100.1 23.79 16.3 16.3
848725 99.74 24.03 23.2 23.2
848726 99.29 24.19 18.6 18.6
848759 100 23.35 20.7 20.7
847786 99.7 22.22 19.8 19.8
848788 99.85 23.49 25.6 25.6
849103 101.73 26.17 18.5 18.5
847803 99.22 22.43 22 22
847806 99.28 22.31 20.2 20.2
848328 100.76 26.22 22.5 22.5
848798 99.64 23.8 20.3 20.3
848800 99.47 23.56 20.8 20.8
848804 99.56 23.46 19 19
56497 104.2425 28.1092 20.5 20.5
56646 99.9167 26.5333 13.9 13.9
56862 101.6 24.6833 15.8 15.8
845582 102.66 24.25 16 16
56955 100.01 22.2 20.2 20.2
845707 103.38 24.32 17.2 17.2
845723 102.71 23.77 20.2 20.2
845729 102.82 23.73 19.1 19.1
845392 102.27 24.15 14.8 14.8
845827 103.88 22.77 27.4 27.4
845829 103.95 22.65 27.3 27.3
845844 102.65 23.12 20.1 20.1
845901 99.01 25.01 21.7 21.7
845037 102.42 24.85 16.8 16.8
845932 98.3 25.27 16.7 16.7
845740 102.47 23.63 19.9 19.9
845754 103.43 22.9 25.7 25.7
845755 103.52 22.77 20.7 20.7
845045 103.14 24.79 18.5 18.5
845061 102.67 25.34 17.5 17.5
845460 103.02 24.06 19.3 19.3
845465 101.36 24.31 18.8 18.8
845938 98.45 25.02 20.1 20.1
845943 98.46 24.94 18.6 18.6
845757 103.2 22.97 18.9 18.9
845102 103.1 25.68 13.7 13.7
845103 103.19 24.98 17.3 17.3
845478 102.73 24.33 18.4 18.4
845479 102.63 24.3 17.1 17.1
845484 102.98 24.63 15.8 15.8
845955 98.76 24.15 21.7 21.7
845771 102.48 23.23 18.2 18.2
845111 102.63 24.99 17.2 17.2
845491 102.69 24.11 16.9 16.9
845494 102.75 24.07 16.1 16.1
845497 102.54 24.35 19.2 19.2
845788 102.5 22.82 21.8 21.8
845812 103.55 23.15 17.1 17.1
845816 103.7 22.92 13.7 13.7
845119 102.96 25.36 15.6 15.6
845137 103.43 25.6 14.5 14.5
845603 103.29 23.57 19.7 19.7
845607 103.03 23.23 17.4 17.4
56582 103.8928 27.7475 17.3 17.3
845146 102.78 25.11 15.7 15.7
845535 101.39 24.36 18 18
845614 103.27 24.47 14.8 14.8
56688 103.1667 26.1 21.4 21.4
845632 103.38 23.05 17.3 17.3
56767 101.2833 25.1833 18.6 18.6
845636 103.43 23.32 20.8 20.8
56835 97.7861 24.1786 23.2 23.2
845330 102.07 24.54 19.4 19.4
845333 101.96 24.11 17.3 17.3
846902 99.78 25.34 17.5 17.5
847168 98.4 24.85 22.2 22.2
846911 99.85 25.6 14.2 14.2
847180 97.77 24.41 16.9 16.9
847194 97.91 24.83 20.6 20.6
846272 103.85 25.47 15.7 15.7
846544 104.25 23.8 16.4 16.4
846550 104.32 23.54 16.2 16.2
846551 103.72 23.63 17.7 17.7
846567 104.48 23.26 18.4 18.4
847459 101.54 21.72 22.2 22.2
847504 100.13 22.18 22.8 22.8
846311 104.39 25.36 14.8 14.8
847511 100.21 21.88 19.9 19.9
847655 100.42 23.43 22.1 22.1
847660 100.18 23.22 19.2 19.2
846319 104.47 24.97 17.1 17.1
846333 103.8 24.77 15.3 15.3
846600 104.41 22.9 18.6 18.6
846601 104.31 22.81 16.9 16.9
846606 103.96 22.81 18.9 18.9
847518 100.93 21.72 22.7 22.7
847534 101.33 21.69 22.7 22.7
847406 100.89 22.09 23.6 23.6
847408 101.06 22.51 21.4 21.4
846335 104.28 24.62 18.8 18.8
846351 103.66 25.68 13.9 13.9
846608 104.55 22.9 19.4 19.4
846617 104.8 23.18 19.7 19.7
847565 100.79 22.04 24.1 24.1
846354 103.67 25.88 14.5 14.5
846633 105.45 23.3 15.6 15.6
847571 101.38 21.66 25.3 25.3
846635 106.04 23.59 22.5 22.5
847453 101.29 21.7 23.1 23.1
847454 101.71 21.24 21.9 21.9
847455 101.64 21.73 21.8 21.8
846388 104.39 26.49 12.8 12.8
847610 101.11 24.27 21.3 21.3
846924 100.21 25.43 18.9 18.9
846421 103.73 26.91 12.2 12.2
846802 99.53 26.59 10.9 10.9
846815 100.2 26.15 18.1 18.1
846202 103.31 26.49 17.1 17.1
846817 100.18 26.5 15.9 15.9
846819 100.17 26.25 14.3 14.3
846946 100.73 25.28 19.2 19.2
846955 100.47 25.32 20.1 20.1
846211 103.36 25.99 11.6 11.6
846836 98.97 25.7 14.5 14.5
846838 99.58 25.75 14.5 14.5
846961 100.43 25.48 18 18
846967 100.05 25 17.2 17.2
846971 100.03 24.13 16.4 16.4
846220 103.57 26.13 17.5 17.5
846849 99.8 25.99 16.2 16.2
846508 103.98 23.65 17.8 17.8
846870 100.12 25.72 15.6 15.6
846251 104.71 25.27 16.6 16.6
846885 100.4 25.94 18.1 18.1
849105 101.64 26.14 17.9 17.9
849137 101.25 25.81 17.2 17.2
849204 101.18 25.5 18.3 18.3
849308 100.92 25 14 14
849311 100.95 24.87 17.2 17.2
849209 101.15 25.4 17.9 17.9
848366 100.66 27.07 14.4 14.4
848374 101 26.7 13 13
849326 101.57 24.77 14.2 14.2
849332 101.56 24.31 17.3 17.3
847947 103.23 27.31 19.9 19.9
847973 103.28 26.93 17 17
848405 98.78 27.6 15.7 15.7
848420 98.83 27.4 16.4 16.4
848003 104.33 27.96 20.2 20.2
848007 104.12 28.04 19.7 19.7
848444 98.85 26.02 22.1 22.1
849252 101.71 25.32 18.6 18.6
849253 101.86 25.34 14.7 14.7
849260 101.75 25.16 17.4 17.4
849276 101.14 25.24 14.6 14.6
849282 100.77 25.11 19.1 19.1
848043 103.63 28.01 15 15
848044 103.59 27.68 12.6 12.6
848076 104.21 27.57 16.2 16.2
848612 99.94 24.34 21 21
848614 99.91 24.59 18.1 18.1
848615 100.05 24.58 18.7 18.7
848617 99.72 24.57 19.4 19.4
847685 101.59 23.08 16.6 16.6
847686 101.76 23.13 22.1 22.1
848820 99.33 23.49 21.2 21.2
848824 99.41 23.72 20.5 20.5
848123 104.65 27.44 17.2 17.2
848127 104.86 27.62 15.2 15.2
848643 100.24 24.58 23.2 23.2
848645 100.1 24.32 16.6 16.6
848132 105.21 27.46 14.7 14.7
848683 100.33 23.66 21.7 21.7
848869 99.07 23.86 21.3 21.3
848872 98.97 24.06 21.9 21.9
847750 101.89 22.47 20.9 20.9
848204 99.56 27.49 13.7 13.7
847751 101.51 22.48 21.1 21.1
848241 100.22 26.87 15.5 15.5
848764 99.93 23.41 20.4 20.4
848931 99.3 27.53 14.9 14.9
848951 99.5 28.05 8.3 8.3
847779 99.81 22.72 20 20
847783 100.27 22.59 21.5 21.5
847784 100.18 23.33 20.3 20.3
847785 100.09 22.25 22 22
848786 98.97 23.57 25.7 25.7
849101 101.79 26.02 20.4 20.4
847801 99.28 22.51 23.3 23.3
847804 99.46 22.66 23.5 23.5
847821 99.41 22.39 21.6 21.6
847822 99.64 22.36 22.7 22.7
847823 99.67 22.46 22.5 22.5
847824 99.32 22.31 23 23
848323 100.41 26.28 21.5 21.5
848799 99.58 23.7 20.8 20.8
848801 99.41 23.58 20.5 20.5
56763 101.8667 25.7333 23.2 23.2
56872 102.6167 24.95 13.5 13.5
56889 104.1667 24.05 16.7 16.7
56669 101.6667 26.05 19.2 19.2
56995 104.4167 23.0333 18.5 18.5
56985 103.3278 23.4444 19.2 19.2
56898 102.4075 24.1836 17.2 17.2
845544 101.64 23.68 14.7 14.7
845545 101.52 24.1 22.7 22.7
845583 102.26 24.6 17.9 17.9
845735 102.58 23.52 18.6 18.6
845828 103.82 22.67 26.1 26.1
56994 104.2767 23.3322 18.9 18.9
845003 102.48 24.68 15.7 15.7
845902 99 25.19 15.8 15.8
845063 102.5 24.88 17.7 17.7
845463 103.12 24.21 20.1 20.1
845939 98.56 25.12 17.9 17.9
845758 102.93 22.88 18.9 18.9
845088 102.72 24.73 17.2 17.2
845090 102.42 24.55 15.1 15.1
845096 102.41 25.88 15.4 15.4
845477 102.55 24.43 18.9 18.9
845480 102.87 24.35 17.8 17.8
845952 98.82 24.57 16.6 16.6
845953 98.77 24.7 17.7 17.7
845769 101.98 23.28 19.4 19.4
845772 102.3 23.17 18.7 18.7
845786 102.17 23.03 20.2 20.2
845787 102.4 22.88 20.6 20.6
845104 103.13 24.85 17.9 17.9
845493 102.66 24.16 17 17
56444 98.9167 28.4833 6.1 6.1
56449 99.7333 28.0167 4 4
845142 102.43 25.15 15.4 15.4
845516 101.97 24.01 16.6 16.6
845585 102.06 24.86 16.7 16.7
845606 103.13 23.25 15.8 15.8
845143 102.6 25.05 14.6 14.6
845531 101.66 23.9 22.1 22.1
845542 101.48 24.19 21.7 21.7
845615 102.43 23.45 18 18
845618 102.78 23.97 19.8 19.8
56756 100.5833 25.4833 17.6 17.6
845302 102.18 24.62 18.3 18.3
845304 102.03 24.71 14.3 14.3
845305 102.23 24.83 17.3 17.3
845312 101.83 23.7 24.8 24.8
845314 102.17 23.66 16.6 16.6
845327 102.66 24.34 15.4 15.4
845332 101.86 24.12 17.6 17.6
56841 98.6833 24.6 19 19
845336 101.73 23.84 24.8 24.8
845337 101.57 23.72 16.5 16.5
845338 101.63 23.96 22.7 22.7
845339 102.64 24.44 15 15
56867 101.12 23.98 21.6 21.6
56881 103.2567 24.7503 16.7 16.7
846892 100.38 25.74 18 18
846903 99.74 25.14 19.4 19.4
846909 99.68 25.65 15.8 15.8
847164 98.12 24.22 26 26
847169 98.4 24.42 22.7 22.7
846261 104.8 25.22 15.7 15.7
847181 98.17 24.5 17.1 17.1
847198 98.22 24.75 19.8 19.8
846539 105.47 23.92 20.1 20.1
846569 104.5 23.18 18.8 18.8
847456 101.31 22.13 24.5 24.5
847461 101.31 21.45 23.7 23.7
847502 100.31 22.2 21.9 21.9
847629 101.23 24.06 22.8 22.8
847630 101.29 24 24.2 24.2
847631 101.42 23.93 18.4 18.4
847636 100.81 24.04 23.5 23.5
846315 104.62 24.98 15.9 15.9
846317 104.37 24.78 16.4 16.4
847505 100.27 21.99 22.4 22.4
847508 100.47 21.78 18.3 18.3
847512 100.05 21.7 24.4 24.4
846599 104.12 23.04 15.7 15.7
847529 101.33 21.98 23.1 23.1
846612 105 23.28 22.8 22.8
846358 103.83 25.58 15.1 15.1
846632 105.58 23.37 20.3 20.3
847585 101.22 21.68 21.8 21.8
847593 100.85 22.04 23.4 23.4
847601 101.04 24.34 19.9 19.9
847605 100.86 24.62 19.4 19.4
847611 100.59 24.17 17.1 17.1
846391 104.28 26.62 16.2 16.2
846425 103.2 26.25 11.5 11.5
846940 100.88 25.58 17 17
846941 100.75 25.48 17.4 17.4
846203 103.17 26.25 13.1 13.1
846818 100.18 26.35 15.4 15.4
846954 100.43 25.37 19.7 19.7
846206 103.33 26.43 16.1 16.1
846212 103.37 26.15 13 13
846846 99.76 26.08 15.8 15.8
846970 100.07 24.15 17.5 17.5
846214 103.46 26.94 16 16
846862 100.12 25.78 18 18
846237 103.83 24.95 13 13
846238 103.75 24.96 16 16
846507 104.1 23.42 16.6 16.6
846863 100.12 25.75 17.6 17.6
846868 100.1 25.55 19.4 19.4
846869 100.11 25.87 18.2 18.2
846511 104.1 23.62 16.1 16.1
846515 104.05 23.52 18.8 18.8
846526 104.69 23.8 14.8 14.8
848807 99.36 23.54 21.4 21.4
848334 100.53 26.21 14.5 14.5
849139 101.56 25.78 17.4 17.4
849156 101.77 25.76 22 22
849177 102.18 26 18.1 18.1
849188 102.15 25.53 15.6 15.6
849202 101.2 25.59 18.1 18.1
849208 101.24 25.49 17.5 17.5
849186 102.29 25.62 15 15
849310 101.09 24.9 13.7 13.7
847942 103.38 27.1 15.1 15.1
847972 103.13 26.86 14.9 14.9
848426 98.9 26.53 18.5 18.5
848440 98.9 26.43 20 20
847977 103.25 26.76 13 13
848001 104.16 28.25 20.2 20.2
848441 98.9 26.39 20.2 20.2
849266 101.89 24.99 19 19
848045 103.73 27.83 18.5 18.5
848048 103.38 27.7 23.3 23.3
848073 104.07 27.5 15.3 15.3
849304 101.54 25.04 18.9 18.9
847678 101.36 23.48 19.2 19.2
847681 101.74 23.24 20.8 20.8
847683 101.48 23.19 18.5 18.5
847706 100.87 23 19.1 19.1
848122 104.57 27.51 19.4 19.4
848126 104.51 27.64 14.9 14.9
848646 100.33 24.03 21.8 21.8
848648 100.19 24.24 17.3 17.3
848831 99.1 23.16 20.2 20.2
848832 99.24 23.23 20.9 20.9
848835 98.93 23.25 25.5 25.5
848837 99.29 23.27 20.9 20.9
847728 101.08 22.67 18.7 18.7
848133 104.73 27.58 20.2 20.2
848134 104.84 27.75 16.3 16.3
848136 104.42 27.67 19.3 19.3
848138 104.62 27.68 16.7 16.7
848867 98.89 23.92 23.2 23.2
848875 99.32 23.73 24.1 24.1
848167 105.05 27.96 20.2 20.2
848168 105.25 27.76 17 17
848201 100.04 26.73 9 9
848716 99.26 24.1 23.3 23.3
848903 98.87 28.32 16.7 16.7
848906 99.3 27.8 14.5 14.5
847769 99.9 23.17 17.8 17.8
848206 100.37 27.28 10.6 10.6
848212 99.95 26.87 15.1 15.1
848213 99.46 27.22 10.1 10.1
848762 99.88 23.7 23 23
848933 99.15 27.17 14.8 14.8
847782 99.98 22.44 20.3 20.3
848285 101.19 26.59 21.6 21.6
848787 99.13 23.6 25.8 25.8
848793 99.66 23.92 18.1 18.1
848794 99.14 23.52 22.7 22.7
848960 100.2 27.78 12.4 12.4
848288 101.32 26.83 19.7 19.7
848805 99.64 23.67 21 21
848806 99.6 23.61 18.2 18.2
56984 103.15 23.3833 16.7 16.7
56788 103.6222 24.9789 14.8 14.8
56775 102.45 25.55 17.5 17.5
56851 100.5203 25.0378 20.9 20.9
56652 100.75 26.6833 16 16
56886 103.7667 24.5333 16 16
56944 99.2667 23.15 20.6 20.6
56948 99.6 22.6333 22.1 22.1
845701 103.64 24.26 13.8 13.8
845702 103.61 24.02 19.9 19.9
56954 99.9333 22.5667 23 23
56963 101.99 23.94 12.1 12.1
845384 102.15 24.37 16.7 16.7
845705 103.28 24.12 17.8 17.8
845720 103.03 23.52 13.8 13.8
845726 102.97 23.98 15.6 15.6
845727 102.72 23.37 16.3 16.3
845391 102.56 24.09 18.2 18.2
845721 103.05 23.88 17.4 17.4
845826 103.73 22.78 22.5 22.5
845841 103.12 23.02 24 24
845843 102.92 23.07 15.7 15.7
845903 99.36 25.11 16.9 16.9
845906 99.27 24.99 18.3 18.3
845909 99.26 25.45 19.8 19.8
845034 102.45 24.97 16.7 16.7
845419 102.83 24.49 14.9 14.9
845930 98.54 25.63 13.5 13.5
845934 98.65 25.43 17.2 17.2
845738 102.43 23.72 17.9 17.9
845753 102.69 22.78 23 23
845065 102.8 24.78 15 15
845470 102.52 24.4 19.6 19.6
845946 98.49 24.76 20.1 20.1
845768 102.48 23.18 16.1 16.1
845475 102.39 24.33 18.8 18.8
845476 102.5 24.26 17.6 17.6
845977 99.41 24.8 22.6 22.6
845774 102.15 23.3 17.3 17.3
845776 102.18 23.22 18.9 18.9
845785 101.98 22.97 20.4 20.4
845113 102.66 25.3 16.9 16.9
845487 102.93 24.52 16.8 16.8
845488 102.79 24.14 17.3 17.3
845810 103.68 23.25 16.7 16.7
845120 102.86 25.43 13.9 13.9
845129 102.68 25.38 13.2 13.2
845508 101.83 23.42 17.1 17.1
846005 99.07 24.92 20.5 20.5
56533 98.6667 27.75 14.9 14.9
845602 103.38 23.2 16.3 16.3
845605 103.35 23.58 19.1 19.1
845152 103.39 24.95 14.3 14.3
845528 101.6 24 22.4 22.4
845540 101.59 24.19 19.2 19.2
845620 102.85 23.37 16.1 16.1
56654 100.1975 26.5925 15.2 15.2
845306 102.13 24.86 16.1 16.1
845307 101.95 24.54 15.2 15.2
845309 102.11 24.43 15.7 15.7
845631 103.78 23.4 15.8 15.8
56774 102.4167 25.5333 17.7 17.7
56777 102.0997 25.1144 16.3 16.3
845319 101.77 23.67 15.2 15.2
56778 102.65 25 16.7 16.7
56833 98.77 24.83 15.8 15.8
845324 102.72 24.44 14.9 14.9
56844 98.5833 24.4333 24.5 24.5
845665 103.43 23.73 17.2 17.2
845666 103.37 23.6 19.1 19.1
56878 102.75 24.1333 16.7 16.7
846898 99.54 25.43 19.1 19.1
847163 98.32 24.22 15.3 15.3
846256 104.15 25.38 13.5 13.5
846528 105.41 23.75 17.1 17.1
847191 97.56 24.75 26.7 26.7
846538 104.63 24.27 17 17
846543 103.75 23.73 18.7 18.7
846548 104.43 23.7 15.9 15.9
846292 103.46 25.22 12.7 12.7
846564 104.9 23.42 19.8 19.8
846578 104.2 24.2 16.4 16.4
847457 101.47 21.98 19.5 19.5
847613 101.04 24.13 21.5 21.5
846580 103.85 24.03 12.8 12.8
846587 103.73 24.03 15 15
846588 104.09 24.1 17.2 17.2
847507 100.16 21.93 19.1 19.1
846320 104.5 25.03 17.3 17.3
846321 104.36 25.2 15.2 15.2
846596 104.3 23.12 18.2 18.2
847536 101.61 21.53 24.4 24.4
846336 104.33 24.52 19.8 19.8
846611 104.89 23.23 23.1 23.1
846613 105.04 23.37 16.6 16.6
846615 104.84 22.94 27 27
847564 100.87 22.04 23.4 23.4
846375 103.97 26.41 15.5 15.5
846377 104.16 26.31 14.3 14.3
847587 100.82 22.02 25.2 25.2
847591 100.8 22.04 24.3 24.3
847592 100.8 22.05 23.3 23.3
846917 99.93 25.79 17.7 17.7
846808 99.85 26.43 11.6 11.6
846814 100.2 26.58 16.7 16.7
846932 100.22 25.02 17.4 17.4
846204 103.49 26.28 14.5 14.5
846816 100.15 26.55 16.9 16.9
846943 100.6 25.45 17.8 17.8
846947 100.68 25.38 18.1 18.1
846833 99.29 25.87 12.2 12.2
846960 100.52 25.18 20.7 20.7
846215 103.54 26.39 14.1 14.1
846847 99.95 26.14 15.9 15.9
846234 103.68 25.17 14.5 14.5
846506 103.95 23.48 17.8 17.8
846509 104.4 23.32 16.5 16.5
846867 100.25 25.53 16.5 16.5
846242 103.67 25.04 15.2 15.2
846252 104.58 25.14 15.5 15.5
846514 104.28 23.42 17.2 17.2
846517 103.98 23.39 13.9 13.9
849104 101.41 26.16 18.7 18.7
847841 100.02 22.82 17.2 17.2
849134 101 25.89 20.1 20.1
849136 101.04 25.79 18.3 18.3
849138 101.49 25.82 18.3 18.3
849143 101.54 25.67 18.8 18.8
849157 101.67 25.72 22 22
849176 102.25 26.1 19 19
849181 102.19 25.82 16.1 16.1
849201 101.06 25.65 12.3 12.3
849203 101.5 25.57 16.8 16.8
847902 103.7 27.31 15.4 15.4
848362 100.45 27.74 16.6 16.6
849307 101.59 24.87 16.8 16.8
848369 100.92 27.17 13.8 13.8
849235 101.63 25.27 17.9 17.9
848002 104.27 28.32 20.3 20.3
848006 104.37 28.12 17.1 17.1
848443 98.63 26.01 14.2 14.2
849255 102.31 25.31 16.1 16.1
848023 103.97 27.84 20.7 20.7
848485 99.27 26.49 14.7 14.7
848605 99.68 24.37 21.1 21.1
848049 103.67 27.95 12.2 12.2
849284 100.82 25.04 19.9 19.9
849285 100.8 24.97 15.9 15.9
847680 101.38 23.29 19.5 19.5
847703 101.15 23.52 19.8 19.8
847704 101.18 23.42 19.9 19.9
848124 105.05 27.68 18 18
848128 105.14 27.62 15.1 15.1
848641 100.45 24.59 24.8 24.8
847725 100.7 22.95 21.8 21.8
847727 101.05 22.75 20 20
848130 104.96 27.49 15.4 15.4
848654 100.41 24.23 22.4 22.4
848684 100.16 23.55 22.3 22.3
848686 100.06 23.72 18.3 18.3
848866 99.15 23.75 16.7 16.7
848874 99.08 24.04 21.5 21.5
847733 100.43 22.64 22.4 22.4
847749 102.16 22.51 22.1 22.1
848720 99.38 23.94 23.3 23.3
847752 101.46 22.6 21 21
847770 100 23.13 16.8 16.8
848207 99.65 27.3 15.1 15.1
848208 99.85 26.8 14.8 14.8
848757 99.9 23.54 22.9 22.9
848928 99.23 27.33 10.6 10.6
848930 99.05 27.72 15.2 15.2
848934 99.17 27.1 16.9 16.9
847777 100.19 22.8 19.9 19.9
847778 100 22.71 20.6 20.6
848961 100.05 27.48 14.5 14.5
848324 100.6 26.64 14.6 14.6
848327 100.53 26.9 16.7 16.7
848330 100.56 26.22 24.3 24.3
