diamond  3 2016年03月31日091点1小时温度                       
  16  03  31  09    1000   0  0  0  0
1        1314
53478	112.45	40	1	11.3
53486	113.766666	40.366666	2	11.7
53487	113.333333	40.1	3	11.6
53488	113.583333	40.033333	4	12.3
53490	114.05	40.433333	5	7.7
53564	111.15	39.383333	6	14.8
53565	111.5	39.433333	7	12.4
53573	112.7	40	8	11.6
53574	112.266666	39.516666	9	12.9
53575	112.2	39.1	10	10.2
53576	112.816666	39.5	11	13.8
53577	112.3	39	12	11.8
53578	112.433333	39.366666	13	14
53579	112.9	39.016666	14	10.6
53580	113.1	39.816666	15	11.3
53582	113.666666	39.716666	16	11.5
53584	113.166666	39.566666	17	12.9
53585	113.266666	39.166666	18	9.3
53588	113.516666	38.95	19	5.4
53589	113.533333	39.05	20	1.3
53590	114.266666	39.75	21	13.6
53594	114.183333	39.45	22	6.4
53659	111	37.966666	23	13.6
53660	111.083333	39.016666	24	15.9
53662	111.583333	38.716666	25	13.7
53663	111.816666	38.916666	26	14.3
53664	111.133333	38.466666	27	16.3
53665	111.65	38.283333	28	4.2
53666	111.933333	38.35	29	5.5
53669	111.8	38.083333	30	6.6
53673	112.716666	38.733333	31	9.2
53674	112.7	38.416666	32	12.1
53676	112.983333	38.5	33	11.3
53677	112.483333	37.933333	34	12.3
53678	112.65	38.066666	35	11.1
53679	112.55	37.733333	36	13
53681	113.366666	38.833333	37	4
53685	113.416666	38.066666	38	11.9
53687	113.633333	37.783333	39	12.1
53759	110.833333	36.983333	40	14.6
53760	111.233333	37.883333	41	11
53763	112.166666	37.916666	42	8
53764	111.1	37.5	43	9.8
53767	111.166666	37.333333	44	15.3
53768	111.75	37.15	45	14.3
53769	111.783333	37.25	46	14.9
53770	112.35	37.35	47	14
53771	112.05	37.416666	48	14.3
53772	112.55	37.783333	49	11.8
53774	112.333333	37.616666	50	12.1
53775	112.533333	37.433333	51	14.4
53776	112.766666	37.683333	52	12.8
53777	112.15	37.533333	53	12.4
53778	112.216666	37.166666	54	12.5
53780	113.15	37.9	55	7.3
53782	113.55	37.85	56	14.1
53783	113.7	37.6	57	16.2
53786	113.366666	37.083333	58	4
53787	112.983333	37.066666	59	6.2
53788	113.566666	37.333333	60	13.1
53852	110.633333	36.766666	61	9.7
53853	110.95	36.7	62	8.4
53856	110.75	36.466666	63	9.2
53859	110.666666	36.1	64	9.5
53860	111.166666	36.983333	65	13.8
53861	111.416666	35.883333	66	13.4
53862	111.8	36.85	67	14
53863	111.916666	37.033333	68	13.5
53864	111.1	36.4	69	11.1
53865	111.55	36.65	70	12.9
53866	111.666666	36.233333	71	13
53868	111.5	36.066666	72	13.2
53869	111.7	36.583333	73	11.6
53871	112.85	36.833333	74	8.1
53872	112.683333	36.766666	75	8.3
53873	112.866666	36.1	76	12.3
53874	111.9	36.25	77	12.6
53875	112.35	36.516666	78	5.9
53877	112.25	36.166666	79	5.9
53878	113.383333	36.516666	80	12.9
53879	112.883333	36.316666	81	8.7
53880	113.233333	36.333333	82	10.5
53882	113.066666	36.05	83	13.3
53884	113.033333	36.516666	84	9.2
53885	113.2	36.133333	85	15.8
53888	113.433333	36.2	86	15.5
53953	110.85	35.966666	87	12.4
53954	110.966666	35.616666	88	14.6
53956	110.833333	35.4	89	15.8
53957	110.716666	35.616666	90	14.5
53958	110.783333	35.133333	91	18.3
53959	111.05	35.05	92	18.1
53961	111.483333	35.65	93	14.3
53962	111.7	35.733333	94	14.1
53963	111.366666	35.65	95	12.9
53964	111.216666	35.616666	96	13.9
53965	111.566666	35.516666	97	15.6
53966	111.833333	35.983333	98	14.7
53967	111.2	35.333333	99	17.4
53968	111.666666	35.283333	100	14.2
53970	112.2	35.7	101	9.6
53973	112.95	35.766666	102	10.2
53975	112.4	35.483333	103	8.7
53976	112.866666	35.5	104	11.2
53981	113.266666	35.783333	105	12.4
57052	110.45	34.883333	106	16.2
57053	110.716666	34.7	107	16.2
57060	111.233333	35.166666	108	16.7
57061	111.2	34.833333	109	15.7
B5001	114.067221	40.658055	110	7.8
B5003	114.217499	40.42611	111	8
B5005	114.235555	40.708888	112	7.4
B5006	113.926388	40.385833	113	8.8
B5007	114.035277	40.341944	114	8.4
B5008	114.300833	40.300833	115	12.5
B5009	114.106111	40.318054	116	10.4
B5010	114.129999	40.276666	117	11.9
B5011	114.030554	40.234444	118	9.6
B5031	113.889444	40.411666	119	12.1
B5033	113.568054	40.328054	120	12.2
B5036	113.812222	40.277499	121	10.1
B5039	114.071666	40.145833	122	11.5
B5040	113.955833	40.135555	123	10.6
B5041	113.91	40.061944	124	9.7
B5043	113.889444	39.953055	125	8.4
B5044	113.661944	40.244999	126	10.9
B5045	113.967221	39.985277	127	8.3
B5046	113.731943	40.139444	128	11.9
B5062	112.944166	40.122221	129	11.2
B5063	112.719721	40.115	130	12.7
B5064	112.825554	40.083054	131	10.8
B5069	112.650833	39.88611	132	12
B5092	113.309722	40.100277	133	11
B5094	113.390555	40.038333	134	13
B5095	113.292221	40.07611	135	13.8
B5096	113.389999	40.071943	136	11
B5101	113.268054	40.34861	137	11.7
B5102	113.03361	40.281388	138	12
B5103	113.151111	40.263055	139	12.2
B5104	113.0025	40.223888	140	13.3
B5105	113.21861	40.230554	141	12.2
B5106	113.037777	40.188333	142	11.8
B5107	113.339166	40.160555	143	12.4
B5110	112.977499	40.100555	144	8.2
B5112	113.244166	40.081666	145	12.2
B5113	113.358611	40.082499	146	11.3
B5114	113.184999	40.046666	147	10.5
B5117	113.132777	40.001944	148	11.3
B5118	113.238888	40.015555	149	11.4
B5119	112.996944	39.964166	150	14.1
B5121	113.57611	40.168054	151	12.5
B5122	113.450555	40.114444	152	15
B5123	113.454444	40.053055	153	12.1
B5124	113.764444	40.033333	154	10.1
B5125	113.651666	40.020277	155	11.5
B5129	113.461944	39.934166	156	10.3
B5130	113.6025	39.922777	157	10.3
B5131	113.456666	39.850555	158	9.7
B5132	113.749721	40.030832	159	11.6
B5152	113.823888	39.784444	160	15.5
B5154	113.565833	39.728332	161	15
B5155	113.611111	39.723054	162	11.5
B5157	113.518888	39.746944	163	14.4
B5158	113.665277	39.676388	164	9.8
B5163	113.609166	39.658888	165	12.5
B5164	113.450833	39.617777	166	10.2
B5166	113.826666	39.535833	167	7.3
B5168	113.915	39.430554	168	7.8
B5169	113.800833	39.802222	169	15
B5170	113.500277	39.675832	170	13.5
B5171	113.725277	39.661388	171	13.1
B5172	113.490833	39.611388	172	11.6
B5188	114.179443	39.709444	173	12.3
B5189	114.231943	39.705277	174	13.4
B5190	114.040277	39.756388	175	11.7
B5191	113.986388	39.805833	176	10.7
B5192	114.049721	39.806666	177	11.3
B5211	114.430554	39.539721	178	9.1
B5212	114.356944	39.538888	179	7.3
B5213	114.14611	39.517221	180	7.4
B5215	114.314722	39.445833	181	6.3
B5216	114.049721	39.387221	182	8.4
B5217	114.171388	39.433888	183	6.5
B5218	114.363055	39.315	184	11.5
B5220	114.310555	39.219166	185	8.9
B5222	114.17111	39.119999	186	9.1
B5245	112.456666	40.234999	187	11.3
B5246	112.484444	39.970554	188	13.1
B5247	112.355277	39.953333	189	13
B5248	112.313333	40.109444	190	14.3
B5249	112.569166	39.776666	191	12
B5250	112.528888	40.052777	192	12.7
B5276	112.825554	39.78861	193	14.3
B5277	112.97861	39.815833	194	12.4
B5278	113.106666	39.719721	195	13.1
B5279	112.995277	39.882499	196	11.8
B5280	113.187221	39.802777	197	12.1
B5283	112.849166	39.661666	198	14.2
B5284	113.294444	39.838333	199	11.2
B5285	113.278888	39.73611	200	10.8
B5286	113.166388	39.900555	201	10.3
B5287	112.983054	39.754166	202	12.4
B5302	112.106388	39.298888	203	9
B5308	112.388055	39.339721	204	14.1
B5309	112.48611	39.384999	205	12
B5310	112.354722	39.204166	206	13.9
B5311	112.534721	39.240277	207	10.6
B5315	112.333333	39.28861	208	13.6
B5316	112.692499	39.307222	209	11.4
B5317	112.694166	39.2125	210	11.3
B5318	112.497499	39.2	211	11.8
B5319	112.561111	39.374166	212	12
B5335	112.48361	39.644999	213	10.9
B5336	112.716388	39.716666	214	12.2
B5337	112.819721	39.608888	215	15.3
B5338	112.903888	39.576388	216	13.9
B5339	112.656388	39.556944	217	8.3
B5340	112.768888	39.545833	218	13.9
B5341	112.81	39.472777	219	13.4
B5342	112.794166	39.406111	220	13.3
B5343	112.789166	39.262222	221	14.6
B5348	112.901111	39.43361	222	14.3
B5349	112.98361	39.363888	223	16.3
B5350	112.848888	39.308888	224	14.4
B5351	112.608888	39.672499	225	12
B5367	113.37861	39.528054	226	13.9
B5368	113.108055	39.397221	227	15.9
B5369	113.249444	39.483888	228	16.7
B5370	113.295555	39.519721	229	13
B5371	113.089999	39.435277	230	15.1
B5372	113.211666	39.639721	231	12.2
B5375	113.276388	39.574999	232	8.4
B5376	113.380832	39.453333	233	11.3
B5377	113.161388	39.405277	234	16.5
B5378	113.122221	39.641666	235	11.4
B5379	113.049166	39.522499	236	12.2
B5395	112.066943	39.8025	237	11.3
B5396	112.03361	39.73111	238	10.4
B5397	112.076943	39.505833	239	13
B5398	112.082499	39.463055	240	13
B5400	112.513888	39.491944	241	6.4
B5401	112.339999	39.461944	242	12
B5402	112.283888	39.556944	243	13.2
B5403	112.196944	39.594721	244	13.1
B5404	112.438055	39.557222	245	10.6
B5407	112.457777	39.441944	246	9.4
B5408	112.176943	39.759722	247	11.2
B5409	112.231388	39.661944	248	12
B5410	112.3525	39.605277	249	10.7
B5423	111.43861	39.574999	250	14.8
B5424	111.765833	39.399166	251	12.9
B5444	111.654166	39.457222	252	9.6
B5445	111.445555	39.634999	253	14.6
B5446	111.508055	39.43361	254	15.2
B5452	111.301666	39.251666	255	16
B5458	111.263333	39.112777	256	14.4
B5459	111.216943	39.413611	257	16.4
B5462	111.213888	39.172499	258	15.1
B5463	111.506944	39.185833	259	13.6
B5464	111.373888	38.981666	260	11.1
B5481	113.932777	39.112777	261	12.3
B5483	113.75	39.293055	262	10
B5484	113.668888	39.367221	263	10.8
B5485	113.579721	39.222221	264	10.8
B5486	113.333054	39.053055	265	11.4
B5487	113.419166	39.191666	266	11.8
B5488	113.88861	39.29111	267	9.5
B5489	113.549721	39.28361	268	9.4
B5511	112.015555	39.109444	269	10.3
B5513	111.854166	39.105555	270	14.3
B5514	111.886666	39.219443	271	12.2
B5515	112.119166	39.092221	272	8.2
B5516	112.022777	39.153888	273	11.6
B5517	111.82861	39.254444	274	11.9
B5518	111.956944	39.324443	275	11
B5543	112.330277	39.105555	276	12.8
B5545	112.174443	38.710555	277	3.8
B5546	112.101111	38.700277	278	5.4
B5575	112.874166	39.084721	279	12.2
B5576	113.019999	39.104166	280	10.7
B5577	112.982777	38.965555	281	12.5
B5578	113.177499	38.959166	282	11.3
B5579	113.118054	39.100833	283	9.9
B5602	111.1075	38.7625	284	15.5
B5603	111.151111	39.005	285	16
B5604	111.005555	38.844999	286	14.3
B5605	111.028332	38.718888	287	12
B5606	111.151111	38.936666	288	17.8
B5607	111.224999	38.905833	289	16.3
B5609	111.010833	38.899721	290	16.3
B5610	110.961111	38.743055	291	14
B5611	111.055833	38.963888	292	15.9
B5612	111.144166	39.067499	293	15.7
B5613	111.262777	38.951666	294	17.2
B5633	111.644166	38.956111	295	13.9
B5634	111.579999	39.093888	296	16.1
B5641	111.924721	39.005833	297	14.4
B5644	111.843888	38.935277	298	14.3
B5645	111.8075	38.981388	299	14.2
B5646	111.785833	38.906666	300	13.6
B5647	111.750277	39.104722	301	14
B5662	111.474166	38.812777	302	12
B5663	111.697777	38.63861	303	11.7
B5664	111.274166	38.667499	304	17.2
B5665	111.742499	38.667777	305	11.1
B5666	111.508611	38.898055	306	13.1
B5667	111.318888	38.835555	307	14.3
B5668	111.514722	38.599444	308	14.5
B5669	111.42111	38.655	309	13.7
B5670	111.389999	38.798888	310	13
B5694	113.000277	38.708888	311	11.5
B5696	112.717221	38.855833	312	9.4
B5697	112.665	38.714166	313	10.3
B5698	112.686666	38.651111	314	9.7
B5699	112.719443	38.769166	315	9
B5700	112.845833	38.948055	316	8.6
B5701	112.765555	38.995277	317	10.3
B5702	112.521666	38.994999	318	6.4
B5703	112.421388	38.893055	319	8.2
B5704	112.615	38.630277	320	10.4
B5705	112.815277	38.844721	321	7.7
B5725	113.144166	38.637777	322	12.8
B5726	113.266666	38.735555	323	6.6
B5727	113.083333	38.724166	324	11.4
B5728	113.228888	38.585277	325	10.6
B5729	113.495833	38.682221	326	6.1
B5730	113.500833	38.884999	327	10.6
B5741	113.587777	39.000555	328	7
B5742	113.391666	38.568054	329	9
B5743	113.110833	38.614444	330	11.9
B5744	113.216111	38.78111	331	8.8
B5751	112.695833	38.312777	332	14.8
B5752	112.722221	38.424721	333	12.5
B5753	112.770277	38.547221	334	10.8
B5754	112.866666	38.385555	335	10.5
B5755	112.472499	38.375832	336	9.3
B5757	112.462222	38.431388	337	9
B5758	112.370277	38.412777	338	13.3
B5759	112.354444	38.323888	339	11.5
B5760	112.494166	38.269443	340	11.5
B5761	112.508333	38.326943	341	10.8
B5762	112.534444	38.5625	342	10.8
B5763	112.39611	38.525832	343	10.5
B5764	112.351666	38.495555	344	10.5
B5765	112.586388	38.462777	345	9.4
B5766	112.804166	38.307777	346	11.9
B5767	112.831943	38.454444	347	11.8
B5768	112.802777	38.374721	348	12.6
B5782	112.868332	38.558888	349	12.3
B5784	112.977777	38.430832	350	11.8
B5785	113.132499	38.537777	351	13.1
B5786	112.892499	38.469166	352	11.8
B5787	113.046944	38.540277	353	10.3
B5788	112.958888	38.58361	354	11.1
B5813	111.981666	38.476666	355	6.8
B5814	112.201111	38.4125	356	9.8
B5815	111.863888	38.391944	357	6
B5816	111.891944	38.293333	358	5.9
B5817	112.034999	38.349166	359	7
B5818	112.189721	38.319443	360	8.5
B6002	110.758888	38.385277	361	15.4
B6004	111.06	38.306944	362	14
B6005	111.253888	38.301666	363	14.5
B6006	110.669999	38.227777	364	15.7
B6007	110.991388	38.333888	365	14.7
B6008	110.919999	38.220554	366	16.1
B6009	111.148888	38.669166	367	14.9
B6011	110.983888	38.490555	368	18.1
B6012	110.980277	38.488055	369	17.9
B6031	111.665277	38.534166	370	11.5
B6033	111.445833	38.442499	371	12.7
B6034	111.744721	38.379999	372	8.1
B6035	111.389166	38.530277	373	11.7
B6036	111.573888	38.489166	374	10.6
B6037	111.6525	38.330832	375	4.7
B6038	111.693333	38.197221	376	7.8
B6041	111.501111	38.227221	377	7.2
B6042	111.482777	38.294444	378	8.5
B6043	111.596666	38.327777	379	5.7
B6044	111.66	38.393333	380	7.6
B6045	111.727499	38.237499	381	4.5
B6068	110.875832	37.884166	382	11.4
B6069	110.797499	37.753333	383	14.1
B6070	110.983888	37.9025	384	11.6
B6071	110.826666	37.977499	385	13.3
B6073	111.029999	37.856944	386	10.5
B6075	110.598333	38.001944	387	15
B6078	110.785833	37.798888	388	14.6
B6079	110.726388	37.93111	389	15
B6080	110.782499	37.640277	390	13.5
B6081	110.879721	37.713611	391	16
B6082	110.960277	37.774166	392	12.2
B6091	111.399166	38.018332	393	10
B6092	111.215277	37.735277	394	9.1
B6093	111.427777	38.084721	395	12.3
B6095	111.423332	37.934166	396	13.1
B6096	111.338888	37.765277	397	13.4
B6097	111.301111	37.932777	398	14.3
B6100	111.391666	38.028054	399	9.8
B6101	111.244166	37.894721	400	11.4
B6102	111.229721	37.812777	401	10.4
B6103	111.305555	37.858333	402	14.2
B6119	111.316388	37.982221	403	11.1
B6122	111.451666	37.632221	404	6.3
B6123	110.998888	37.696944	405	16.4
B6129	111.053888	37.555555	406	12.5
B6130	111.303888	37.557777	407	14.5
B6131	111.037777	37.685555	408	16.9
B6132	111.135555	37.613333	409	9.6
B6133	111.081943	37.506111	410	10.7
B6134	111.21861	37.524721	411	13.1
B6135	111.416666	37.445277	412	14.7
B6138	111.42111	37.601666	413	13.4
B6139	110.963888	37.610555	414	15.5
B6153	111.78111	37.68111	415	10.7
B6154	111.506111	37.789166	416	8.3
B6157	112.131943	37.598055	417	13.6
B6158	111.944444	37.649721	418	16.1
B6159	111.824443	37.609444	419	7.5
B6162	111.963611	37.54611	420	10.7
B6163	112.196944	37.567221	421	13.5
B6164	112.122221	37.48111	422	12.8
B6165	112.090833	37.530554	423	13.5
B6189	112.151666	37.4575	424	13.1
B6191	112.018332	37.512777	425	11.8
B6192	112.200277	37.410833	426	13.4
B6193	111.963055	37.408611	427	16.6
B6194	112.013333	37.321388	428	13.5
B6195	112.095555	37.419999	429	14
B6196	112.216111	37.455277	430	12.9
B6197	111.990555	37.361388	431	15
B6200	112.048888	37.437499	432	12.8
B6201	112.246666	37.469443	433	12.6
B6202	112.206111	37.358888	434	14
B6203	111.693333	37.539721	435	10
B6213	110.991944	37.467221	436	12.1
B6215	110.98861	37.379721	437	11.1
B6216	110.8525	37.600555	438	15.8
B6217	110.745555	37.43861	439	17.3
B6218	111.839721	37.421666	440	13.5
B6219	111.910833	37.309444	441	16.6
B6221	111.87861	37.485277	442	14.3
B6224	110.982777	37.590277	443	11.5
B6225	110.939721	37.397777	444	14.4
B6226	110.904166	37.182777	445	16.2
B6227	110.738333	37.350833	446	15.3
B6228	110.674166	37.406944	447	12.2
B6241	110.992499	37.119443	448	17
B6242	111.233333	37.166666	449	15.9
B6243	111.305	37.28111	450	14
B6244	111.083333	37.333333	451	16.8
B6245	111.120554	37.445833	452	11.5
B6246	110.97611	37.240833	453	14.6
B6247	111.197221	37.287221	454	16.1
B6250	111.051388	37.283888	455	17.9
B6251	111.33361	37.314444	456	13.8
B6252	111.171943	37.409166	457	12
B6253	110.99111	37.120554	458	17.8
B6271	111.582499	37.259166	459	13.8
B6277	111.830554	37.337221	460	16.5
B6278	111.564722	37.226388	461	14.4
B6279	111.740833	37.387777	462	15.2
B6280	111.880832	37.275277	463	14.6
B6281	111.787777	37.358055	464	14.7
B6282	111.72861	37.310277	465	15.7
B6283	111.81	37.213888	466	14.1
B6284	111.696388	37.201111	467	15
B6305	111.815833	37.098055	468	13.8
B6306	111.589444	37.090833	469	14
B6307	111.530832	37.200277	470	14.4
B6308	111.494721	37.014166	471	12.2
B6309	111.773888	37.127777	472	13.2
B6310	111.839166	37.120554	473	13.2
B6311	111.62611	37.056944	474	15.1
B6312	111.7	37.153333	475	14.2
B6315	111.636944	37.009166	476	12.2
B6316	111.788055	37.070832	477	13.9
B6317	111.430554	37.211388	478	13.5
B6318	111.578054	37.148888	479	12.9
B6319	111.54611	37.075554	480	14.5
B6331	110.567499	37	481	15.9
B6332	110.685833	37.201388	482	15.5
B6333	110.955277	36.965555	483	16.3
B6335	110.484166	36.898888	484	15.5
B6336	110.46861	37.056388	485	14.5
B6337	110.893055	37.090555	486	17.1
B6338	110.748055	37.196388	487	17.1
B6341	110.561666	36.929999	488	17.1
B6342	110.544444	36.965833	489	13.7
B6343	110.653055	37.072777	490	15.2
B6344	110.739166	37.077499	491	16.4
B6345	110.914444	37.039721	492	15.5
B6368	111.409444	36.955833	493	11.9
B6369	111.079166	36.863055	494	14.8
B6371	111.504166	36.922777	495	10
B6372	111.319443	36.808055	496	11.8
B6380	111.255	36.88111	497	9.7
B6381	111.429999	37.020832	498	12.6
B6382	111.306388	36.803888	499	8.5
B6383	111.283333	37.002222	500	12.7
B6391	112.259722	37.879443	501	15.8
B6392	112.524443	37.638333	502	12.2
B6393	112.425832	37.680554	503	12.9
B6394	112.606666	37.835833	504	13
B6395	112.367221	37.976666	505	9.9
B6396	112.455555	37.83611	506	11.3
B6397	112.639444	37.911388	507	14.1
B6400	112.718054	38.166943	508	12.2
B6401	112.548055	38.140277	509	11.4
B6402	112.718054	38.051666	510	11.2
B6403	112.528888	37.810277	511	13.3
B6404	112.500277	37.564166	512	11.5
B6405	112.453888	37.521943	513	12.2
B6406	112.131943	37.931943	514	9.4
B6407	112.032499	37.922777	515	8.5
B6408	112.080554	37.943055	516	7.6
B6409	112.515555	38.196388	517	11.7
B6410	113.026388	38.3	518	11.3
B6411	112.762777	38.062777	519	12.1
B6426	111.634444	38.098333	520	14.7
B6427	111.710833	38.003888	521	7.9
B6428	111.824443	38.163055	522	5.5
B6460	112.543333	37.869721	523	13
B6462	112.322221	37.834721	524	13.3
B6463	112.523332	37.903888	525	12.9
B6464	112.742777	37.883888	526	11.9
B6465	112.448333	37.728888	527	12.2
B6466	111.616666	37.878054	528	13
B6467	112.416943	38.133888	529	10.8
B6468	112.309722	37.620554	530	12.7
B6469	112.2625	37.6	531	12.5
B6470	112.539444	37.877777	532	13
B6471	112.404444	37.494166	533	11.9
B6472	112.378054	37.570832	534	11.2
B6473	112.570277	37.552222	535	15.5
B6474	112.475832	37.597221	536	12.2
B6475	111.822777	38.166666	537	5.8
B6476	111.634444	38.013333	538	10
B6477	111.940833	38.03861	539	6.2
B6478	111.624999	38.08611	540	13.9
B6479	111.674166	37.94361	541	12.3
B6480	111.897499	37.933888	542	9.1
B6490	112.891666	38.247221	543	12.7
B6491	112.503055	38.194444	544	11
B6492	112.291944	38.219443	545	8.9
B6493	112.653055	38.025832	546	10.9
B6494	112.883888	38.039166	547	11
B6495	112.677777	38.166943	548	10.4
B6496	112.525277	38.02361	549	12.3
B6497	112.506388	37.991666	550	12.3
B6498	112.475277	38.02361	551	12.5
B6499	112.447499	38.006111	552	13
B6500	112.408055	37.955555	553	12.7
B6501	112.578054	37.984721	554	11.4
B6502	112.568332	37.809444	555	13.5
B6503	112.552222	37.794999	556	12.8
B6504	112.625277	37.808888	557	13.2
B6505	112.576666	37.645833	558	11.9
B6506	112.475554	37.645555	559	12.1
B6507	112.601388	37.779443	560	13.3
B6508	112.620277	37.718054	561	13.7
B6509	112.484721	37.78111	562	11.6
B6510	112.383888	37.651388	563	12.6
B6511	112.474999	37.727221	564	12.7
B6512	112.508055	37.886388	565	13.6
B6513	112.456666	37.881388	566	12.5
B6514	112.458333	37.855277	567	11.3
B6515	112.432499	37.862222	568	12.4
B6516	112.497777	37.819166	569	13
B6517	112.349166	37.896944	570	10.3
B6518	112.404444	37.837221	571	11.3
B6519	112.666943	37.946388	572	12
B6520	112.559166	37.878054	573	13.3
B6521	112.618888	37.882777	574	13.6
B6522	112.57111	37.913888	575	13.6
B6523	112.576943	37.856944	576	13.7
B6524	112.558888	37.852777	577	12.9
B6525	112.537499	37.856111	578	13.3
B6526	112.561944	37.842221	579	12.9
B6527	112.540833	37.841666	580	13
B6528	112.694166	37.860277	581	14.1
B6530	111.888888	37.84861	582	10.2
B6531	112.204166	37.994721	583	11.3
B6532	112.180832	37.798055	584	9.5
B6533	112.072221	37.785277	585	13.9
B6534	112.126388	38.123054	586	9.4
B6535	112.381666	37.741388	587	11.5
B6536	111.88611	38.137499	588	6.7
B6537	111.777499	37.946666	589	12.6
B6538	112.026943	37.84861	590	9.3
B6539	112.312777	37.8025	591	12.3
B6540	112.093055	37.990555	592	7.5
B6541	112.906944	37.943888	593	9
B6542	113.143888	37.800277	594	6.3
B6543	113.276943	37.862777	595	9
B6544	112.959166	37.911111	596	8.6
B6545	113.110833	37.97111	597	-0.3
B6546	113.115	37.754444	598	9.3
B6548	113.216666	37.972221	599	10.3
B6549	113.203333	37.74861	600	12.2
B6550	113.24111	37.760833	601	10.3
B6551	113.249444	37.678888	602	8.8
B6552	113.028054	37.972499	603	7.8
B6553	112.9625	37.714444	604	11.5
B6554	113.047777	37.877499	605	6.5
B6557	113.136388	37.878888	606	9.2
B6560	113.311111	37.842499	607	11
B6561	113.265555	38.013611	608	8.6
B6562	112.838888	37.961388	609	11
B6571	112.76	37.623888	610	14.4
B6574	112.8525	37.7525	611	15.3
B6576	112.819166	37.613888	612	14.8
B6577	112.750833	37.579999	613	14.3
B6578	112.661944	37.539721	614	15.2
B6580	112.877499	37.63361	615	12.5
B6581	112.89111	37.816388	616	11.8
B6582	112.89611	37.703611	617	9.3
B6584	112.766111	37.856944	618	11.4
B6585	113.016111	37.461944	619	14
B6586	112.755833	37.651666	620	11.2
B6587	112.7	37.698055	621	14.7
B6588	112.745277	37.68611	622	13.1
B6589	112.768054	37.699166	623	12.9
B6603	113.497777	37.504722	624	11.8
B6604	113.942221	37.63861	625	10.8
B6605	113.799166	37.486666	626	16.8
B6607	113.72611	37.558055	627	15
B6608	113.601944	37.592777	628	17.3
B6631	113.696944	37.194999	629	11
B6633	113.171943	37.301944	630	6.7
B6634	113.516943	37.263055	631	11.4
B6635	113.608888	37.406944	632	14.9
B6636	113.234444	37.531666	633	13.2
B6637	113.858055	37.319443	634	14.3
B6638	113.7075	37.269443	635	13.2
B6639	113.208055	37.216943	636	6.3
B6640	113.7	37.388055	637	13.4
B6641	113.32111	37.436388	638	13.1
B6642	113.476388	37.440833	639	13
B6643	113.4075	37.307222	640	12.3
B6646	113.668054	37.151388	641	9.2
B6647	113.131666	37.362777	642	5.6
B6648	113.813888	37.248055	643	12.4
B6665	112.714444	37.529721	644	16.3
B6668	112.492499	37.394166	645	15
B6669	112.671943	37.426666	646	14.2
B6670	112.716666	37.503333	647	15.3
B6673	112.645555	37.431388	648	14.6
B6692	112.358333	37.417499	649	12.8
B6693	112.47361	37.2525	650	13
B6696	112.451388	37.388055	651	15
B6722	112.294721	37.127499	652	12.4
B6725	112.218888	37.101111	653	13.3
B6726	112.210277	37.159166	654	14.5
B6751	111.926388	36.897221	655	16.2
B6753	112.055555	37.045555	656	14.3
B6754	112.018888	37.021666	657	15.5
B6756	111.976388	37.061388	658	13.4
B6757	111.951388	37.116666	659	13
B6759	112.120277	37.038333	660	14.3
B6761	111.918054	36.969166	661	12.2
B6762	112.08361	37.120277	662	13.7
B6764	111.909444	37.027499	663	14.4
B6765	111.944721	37.02111	664	14
B6766	111.971388	37.049444	665	14.2
B6767	112.001944	37.122499	666	14.1
B6768	111.859444	37.036388	667	15.3
B6781	112.777499	37.110833	668	8.9
B6782	112.833054	37.054166	669	6.6
B6783	112.937499	37.137777	670	7.5
B6784	113.088888	36.952777	671	11.3
B6785	112.938055	37.184999	672	7.6
B6786	113.092499	37.006388	673	11
B6787	113.034444	37.197221	674	9
B6788	112.950833	36.932777	675	7.8
B6789	113.078888	37.28861	676	9.3
B6790	112.943333	37.230554	677	6.3
B6791	113.057777	37.106111	678	11.5
B6792	112.886388	37.1625	679	8.5
B6793	112.735555	37.188888	680	9.3
B6812	113.605555	36.984166	681	5.8
B6814	113.465277	36.851944	682	9.5
B6815	113.519999	36.786666	683	11.1
B6816	113.748055	36.904444	684	14.1
B6817	113.375832	37.082499	685	5.2
B6818	113.466943	37.216388	686	9.3
B6819	113.286944	37.12111	687	3.7
B6820	113.628332	37.079166	688	8.5
B6821	113.635555	36.910555	689	9.1
B6822	113.543333	36.948888	690	10.4
B6823	113.341944	36.990277	691	9.9
B6826	113.566388	36.846388	692	10.1
B6841	111.789444	36.772221	693	13.6
B6842	111.590833	36.743888	694	12.4
B6843	111.680554	36.921943	695	11.5
B6844	111.890555	36.906388	696	14.8
B6845	111.907777	36.744721	697	14.5
B6846	111.879999	36.872777	698	12.9
B6847	111.771943	36.927221	699	15.5
B6848	111.707777	36.815277	700	13.6
B6849	111.592777	36.796944	701	12
B6850	111.466943	36.829166	702	12.5
B6851	111.568888	36.860277	703	10
B6852	111.594721	36.931943	704	12.8
B6853	111.671943	36.706388	705	11.4
B6856	111.705555	36.840277	706	13.7
B6857	111.724999	36.926388	707	15
B6871	113.478888	38.089999	708	12.7
B6872	113.383054	38.029721	709	13.6
B6873	113.539721	38.155277	710	12.9
B6874	113.181943	38.341388	711	11.8
B6875	113.039999	38.116388	712	11.2
B6876	113.444166	38.046388	713	14.1
B6877	113.380554	38.092777	714	13.5
B6878	113.54861	37.996944	715	15.5
B6879	113.522777	37.850833	716	13.4
B6880	113.552777	37.779166	717	13.1
B6881	113.873888	37.966943	718	14.7
B6882	113.731666	37.878332	719	10.1
B6883	113.845833	37.784444	720	15.5
B6891	113.24611	38.1125	721	11.8
B6901	113.557777	37.937221	722	14.7
B6931	113.703333	37.99361	723	16.2
B6932	113.719721	37.943055	724	12.7
B6933	113.814722	37.820554	725	15.7
B6934	113.527221	37.773054	726	14.5
B6935	113.69111	37.694166	727	15.7
B6936	113.74111	37.746944	728	10.7
B6937	113.872499	37.960833	729	14.7
B6938	113.869443	37.780277	730	20
B6939	113.649166	37.735833	731	15.4
B6940	113.624999	37.799721	732	12.1
B6941	113.381388	37.862222	733	12.2
B6942	113.620832	38.025832	734	13.9
B6943	113.501944	37.97111	735	15.3
B6944	113.641666	37.893888	736	15.7
B6945	113.444721	37.835277	737	14.7
B6946	113.561666	37.912777	738	15.8
B6947	113.544999	37.838333	739	14.5
B6948	113.601388	38.129166	740	12.9
B6949	113.471666	38.440277	741	12.3
B6950	113.343333	38.287221	742	9.3
B6951	113.349444	38.172777	743	12.7
B6952	113.476666	38.14611	744	13.2
B6953	113.068054	38.170832	745	10.4
B6954	113.358055	38.384721	746	9
B6955	113.692777	38.06861	747	15.1
B7001	110.474999	36.866943	748	14
B7002	110.5	36.666943	749	13.2
B7003	110.700277	36.637777	750	13.8
B7004	110.683054	36.816943	751	10.9
B7005	110.466666	36.816943	752	14.6
B7006	110.586666	36.630832	753	11.7
B7007	110.67861	36.901944	754	14.4
B7011	110.797221	36.823888	755	12.3
B7015	110.761666	36.636666	756	12.1
B7031	110.837777	36.651388	757	12.4
B7032	110.932777	36.770554	758	14
B7033	111.061111	36.846666	759	16
B7034	110.890555	36.572221	760	9.6
B7035	111.104722	36.627777	761	14.4
B7036	111.093055	36.685833	762	15
B7037	110.991944	36.601666	763	10
B7038	110.934721	36.69361	764	9
B7039	110.864166	36.499444	765	8.4
B7040	111.012222	36.808055	766	12.9
B7061	111.64111	36.524166	767	11.3
B7064	111.608055	36.601111	768	12.3
B7065	111.468888	36.627499	769	12.7
B7066	111.431666	36.557777	770	11.9
B7067	111.659722	36.646388	771	12.5
B7068	111.5	36.758611	772	11
B7069	111.358055	36.701666	773	9.9
B7070	111.45	36.631388	774	13.5
B7091	111.85	36.583333	775	13.2
B7092	111.727499	36.648888	776	12.9
B7093	111.821666	36.502222	777	13.9
B7094	111.877499	36.64111	778	14.7
B7095	111.716666	36.529166	779	11.9
B7096	111.745555	36.585833	780	12.7
B7097	112.009722	36.615	781	12.2
B7115	110.975277	36.470554	782	10.5
B7121	110.859166	36.373888	783	14.2
B7122	110.551944	36.516666	784	13.2
B7123	110.624166	36.447499	785	10.9
B7124	110.528054	36.348888	786	13.6
B7125	110.813333	36.551944	787	11.5
B7126	110.742221	36.509166	788	12.6
B7134	110.796944	36.541388	789	10.9
B7152	110.903611	36.405555	790	14
B7153	111.245555	36.294166	791	13.7
B7154	111.106111	36.480832	792	12.7
B7155	111.330277	36.395833	793	8.8
B7156	111.044999	36.53361	794	14.9
B7157	111.29111	36.555277	795	9.8
B7160	111.03111	36.434721	796	9.8
B7161	110.963333	36.391944	797	14.3
B7181	111.6525	36.372777	798	13
B7182	111.412222	36.347777	799	13.3
B7183	111.442777	36.467777	800	12.6
B7184	111.56861	36.308888	801	13.5
B7185	111.790555	36.306944	802	14.2
B7186	111.632777	36.305555	803	13
B7187	111.561944	36.255	804	14.4
B7188	111.726666	36.336666	805	13.3
B7189	111.731666	36.149166	806	16
B7190	111.765277	36.418054	807	14.6
B7191	111.697221	36.377777	808	12.9
B7192	111.688055	36.114722	809	13.5
B7193	111.604444	36.179166	810	12.8
B7194	111.535277	36.416388	811	14.3
B7195	111.74361	36.230277	812	14.9
B7196	111.668332	36.273332	813	12.5
B7197	111.578332	36.294721	814	13.9
B7211	111.886666	36.108055	815	16
B7212	112.026943	36.177221	816	11.8
B7213	112.084721	36.1525	817	11.3
B7214	112.017221	36.405277	818	13
B7215	112.006944	36.091666	819	14.3
B7216	112.043888	36.526943	820	12
B7217	112.041944	36.260833	821	13.9
B7218	111.993333	36.22111	822	14.1
B7219	111.929999	36.178054	823	11.9
B7220	111.971943	36.311111	824	12.8
B7221	111.917221	36.358611	825	13.5
B7222	111.922777	36.456388	826	13.4
B7241	110.89861	36.220832	827	11.1
B7242	110.716666	36.15	828	11.3
B7243	110.588888	35.994166	829	11.3
B7244	110.45	36.116666	830	10.9
B7245	110.818332	36.247499	831	10.2
B7246	110.58861	36.105555	832	14.3
B7247	110.68861	35.994999	833	14.1
B7248	110.506944	36.220832	834	11.3
B7271	111.469166	36.2025	835	14.7
B7272	111.303611	36.126388	836	13.5
B7273	111.597221	36.026666	837	14.5
B7274	111.529999	36.120554	838	13.3
B7275	111.666388	36.053611	839	15.6
B7276	111.584444	36.083054	840	13
B7277	111.519443	36.191666	841	13.1
B7278	111.635555	36.127777	842	13.2
B7279	111.422777	36.060555	843	14.2
B7280	111.541388	36.025277	844	12.5
B7281	111.653888	35.948888	845	18.5
B7282	111.4125	36.24611	846	14.3
B7283	111.49111	36.236666	847	14.2
B7284	111.444166	36.101388	848	13.8
B7285	111.464722	36.055555	849	13.1
B7286	111.185277	36.145277	850	11.5
B7301	112.229999	36.265833	851	5.5
B7302	112.296388	36.035833	852	7.1
B7303	112.191388	36.374443	853	7.7
B7304	112.433333	36.222221	854	14
B7305	112.23361	36.136944	855	6.7
B7306	112.435833	36.056944	856	9.9
B7307	112.34111	35.977221	857	8
B7310	112.230832	36.2625	858	5
B7311	112.126388	36.448055	859	8.1
B7331	111.149166	35.981388	860	14.2
B7332	110.932499	35.892221	861	13.5
B7333	110.652777	35.805555	862	14.9
B7334	111.074999	36.086666	863	13.3
B7335	111.047499	36.04361	864	13.9
B7336	111.205	36.042499	865	13.8
B7337	110.697777	35.76861	866	16.4
B7338	110.806944	35.795833	867	15
B7339	111.101666	35.873332	868	13.6
B7340	110.672499	35.892221	869	15.2
B7341	110.820277	36.024999	870	13
B7342	110.98111	36.013055	871	14.1
B7361	111.52611	35.965833	872	13.8
B7362	111.365277	35.964166	873	13.3
B7364	111.249721	35.714444	874	14.9
B7365	111.502777	35.897777	875	15
B7366	111.539166	35.920832	876	14.5
B7367	111.403333	36.019999	877	13.8
B7368	111.280832	35.815277	878	15.2
B7369	111.378888	35.81	879	16.9
B7370	111.359444	35.720832	880	13
B7371	111.507222	35.925832	881	16.6
B7372	111.327777	35.900277	882	14.2
B7373	111.255555	35.842777	883	14.9
B7374	111.548055	35.91	884	17.5
B7391	111.873054	36.034166	885	15
B7392	111.765277	35.896666	886	15.3
B7393	112.105	35.881388	887	10.3
B7394	111.871666	35.925277	888	15.5
B7395	111.827221	35.951111	889	15.8
B7396	111.699444	35.921943	890	16.5
B7397	111.769999	35.922221	891	13.3
B7421	111.638888	35.758055	892	15.4
B7422	111.761666	35.715555	893	15.9
B7423	111.931943	35.713888	894	16.5
B7424	111.744166	35.676666	895	15
B7425	111.806666	35.773332	896	15.3
B7426	111.958888	35.739444	897	16.9
B7427	111.615	35.702222	898	14.5
B7428	111.921666	35.588888	899	9.6
B7429	111.9075	35.823332	900	15.9
B7430	111.7575	35.760277	901	15.6
B7433	111.737499	35.679166	902	15.2
B7436	111.619166	35.79111	903	15.7
B7451	111.576388	35.639999	904	13.7
B7452	111.551666	35.716388	905	14.4
B7453	111.540833	35.776943	906	16.5
B7454	111.422777	35.706388	907	14.5
B7455	111.459166	35.77611	908	15.2
B7456	111.535555	35.576943	909	12.6
B7481	111.289999	35.600833	910	14.1
B7482	111.313611	35.565277	911	14.5
B7483	111.418332	35.61	912	12.3
B7484	111.375832	35.624443	913	15.1
B7515	112.669443	36.983888	914	8.3
B7516	113.22111	36.867777	915	11
B7517	113.134444	36.789444	916	11.1
B7518	113.057222	36.758611	917	9.1
B7519	113.007222	36.878888	918	12.2
B7520	112.747777	36.945833	919	9.1
B7521	112.916666	36.826666	920	7.8
B7522	113.068332	36.844721	921	11.1
B7523	112.52861	37.034999	922	9.8
B7524	112.723332	37.063611	923	8.4
B7525	112.833054	36.898333	924	7.6
B7526	112.93861	36.760277	925	11.2
B7527	113.169999	36.756388	926	10.9
B7528	113.296944	36.939166	927	11.2
B7529	113.341944	36.817777	928	10.4
B7530	113.297221	36.782221	929	12.5
B7531	112.58361	37.030277	930	10
B7545	112.652777	36.810833	931	9
B7546	112.667499	36.600555	932	7.2
B7547	112.7575	36.806388	933	7.4
B7548	112.6125	36.908888	934	9.5
B7549	112.818888	36.699444	935	10.1
B7550	112.64611	36.482777	936	7
B7551	112.579443	36.747499	937	9.1
B7552	112.596944	36.687221	938	9
B7553	112.74361	36.636944	939	6.4
B7554	112.677499	36.668054	940	7.6
B7555	112.546666	36.544999	941	8.9
B7556	112.716388	36.713611	942	7.5
B7557	112.620277	36.597221	943	6.6
B7558	112.625277	36.859722	944	10.5
B7559	112.774166	36.832221	945	7.1
B7575	112.19111	36.877221	946	11.8
B7576	112.316666	36.669166	947	5.5
B7577	112.141388	36.548333	948	10.2
B7578	112.391944	36.808888	949	8.4
B7579	112.401666	36.421666	950	9.5
B7581	112.216943	36.781666	951	7.5
B7582	112.235833	36.451666	952	5.8
B7583	112.429721	36.874721	953	6.6
B7584	112.23111	36.567777	954	9.9
B7585	112.045277	36.732777	955	12.1
B7586	112.318888	36.789999	956	7.8
B7587	112.404166	36.44361	957	4.1
B7588	112.376388	36.744166	958	7.4
B7589	112.201388	36.667777	959	6.9
B7605	113.048055	36.655277	960	8.4
B7606	112.919166	36.514444	961	9
B7607	113.074999	36.501388	962	11
B7608	112.808333	36.565	963	5.6
B7609	112.988333	36.449444	964	9.4
B7610	112.757222	36.520554	965	8.4
B7611	112.946388	36.6625	966	10.2
B7612	113.098055	36.691388	967	7.3
B7613	113.066388	36.5625	968	10.4
B7614	113.010833	36.617221	969	11.8
B7635	113.253888	36.516943	970	12.7
B7636	113.405833	36.741944	971	14.7
B7637	113.464444	36.537777	972	14.5
B7639	113.358333	36.467221	973	13.7
B7640	113.423054	36.524443	974	13.7
B7641	113.407222	36.594166	975	15.7
B7642	113.44861	36.802222	976	10.3
B7665	113.092777	36.437221	977	10.9
B7666	113.312777	36.460555	978	12.9
B7667	113.182777	36.290277	979	11.2
B7668	113.362777	36.313888	980	15.5
B7669	113.24861	36.359722	981	11.5
B7670	113.138888	36.352222	982	11.5
B7680	113.264722	36.291666	983	12.4
B7681	113.280277	36.324721	984	12.3
B7682	113.355277	36.445833	985	12.5
B7683	113.131943	36.436666	986	11
B7684	113.139444	36.27861	987	10
B7685	113.362777	36.32361	988	14.3
B7695	112.774443	36.451388	989	10.7
B7696	112.707222	36.309166	990	6.7
B7697	112.985555	36.237499	991	11.7
B7698	112.975554	36.38111	992	11.8
B7699	112.723888	36.23861	993	10.4
B7700	112.84611	36.278332	994	10.8
B7701	112.698333	36.425554	995	8.5
B7702	112.933888	36.250555	996	10.6
B7703	112.613333	36.349444	997	9.2
B7704	112.994444	36.326388	998	10.2
B7705	112.620832	36.341666	999	7.3
B7706	112.841666	36.304722	1000	9.6
B7725	113.134999	36.234999	1001	11.4
B7726	113.070554	36.230554	1002	9.9
B7727	113.117499	36.2025	1003	11.3
B7728	113.12361	36.192221	1004	11.4
B7729	113.092221	36.282777	1005	10
B7730	113.073332	36.406666	1006	10.8
B7731	113.053611	36.337499	1007	10.6
B7732	113.162222	36.192777	1008	13.7
B7755	112.802777	36.084444	1009	12.7
B7756	112.861388	36.244721	1010	11
B7757	112.769166	36.096388	1011	10.8
B7758	112.602777	36.158333	1012	12.7
B7759	112.952777	36.151111	1013	11
B7760	112.784166	36.234166	1014	10.7
B7761	112.908888	36.084721	1015	12.2
B7762	112.977221	36.100833	1016	12.3
B7763	112.900277	35.953888	1017	13.4
B7764	112.894721	36.004722	1018	13.4
B7765	112.880277	36.191944	1019	9.9
B7766	112.774721	36.178888	1020	12.2
B7767	112.556666	36.074721	1021	16.5
B7785	113.058888	36.159166	1022	10.5
B7786	113.119166	35.958333	1023	17.1
B7787	113.139444	36.095833	1024	14.1
B7788	113.122499	35.896944	1025	13.3
B7789	113.016388	35.969721	1026	14.6
B7790	112.998055	36.077221	1027	13.1
B7791	113.001666	36.029999	1028	12.1
B7792	113.084721	36.139999	1029	11.1
B7793	113.102777	36.02861	1030	17
B7794	113.052222	36.101388	1031	11.9
B7795	113.155	35.953333	1032	15.1
B7796	113.143333	35.908055	1033	14.2
B7797	113.082499	35.98611	1034	15.3
B7798	113.059722	35.926666	1035	13.8
B7799	112.997221	35.947221	1036	13.2
B7815	113.5625	35.883888	1037	17.4
B7816	113.48861	35.917221	1038	10.8
B7817	113.266111	35.988888	1039	14
B7818	113.176943	36.003888	1040	15
B7819	113.415833	35.889999	1041	12.6
B7820	113.266943	36.071666	1042	14.4
B7821	113.329443	36.080554	1043	14.8
B7822	113.243055	36.138888	1044	15.4
B7823	113.217221	35.933888	1045	13.8
B7824	113.34361	35.94111	1046	11.8
B7825	113.418888	35.959166	1047	13.6
B7826	113.180832	36.072221	1048	15.8
B7827	113.231666	36.035555	1049	14.8
B7828	113.256666	35.937221	1050	13.7
B7845	113.298055	36.251666	1051	15.2
B7846	113.413888	36.059166	1052	13.1
B7847	113.548888	36.227221	1053	15.8
B7848	113.562777	36.033333	1054	11.3
B7849	113.554444	36.139721	1055	15.3
B7850	113.59361	36.353333	1056	15.9
B7851	113.436666	36.12361	1057	14.6
B7852	113.315833	36.204722	1058	14.5
B7853	113.411666	36.308888	1059	13.9
B7854	113.508611	36.34861	1060	13.2
B7855	113.698055	36.360833	1061	16.3
B7856	113.474166	36.355555	1062	11.5
B7857	113.421943	36.060277	1063	12
B7858	113.310833	36.244166	1064	15.2
B7859	113.564166	36.220554	1065	16.2
B8001	110.655555	35.752777	1066	15.1
B8002	110.741944	35.675554	1067	15.1
B8003	110.779443	35.533054	1068	13.5
B8004	110.766111	35.62111	1069	14.6
B8005	110.664722	35.57861	1070	15.1
B8007	110.692499	35.510555	1071	14.1
B8008	110.618332	35.546944	1072	14.5
B8009	110.655277	35.627499	1073	16.5
B8010	110.734999	35.554166	1074	12.5
B8031	110.819721	35.693333	1075	17.4
B8032	111.029443	35.681666	1076	15.2
B8036	110.963611	35.655	1077	15
B8037	110.905555	35.5025	1078	16
B8038	110.879721	35.636944	1079	15
B8039	111.02361	35.519443	1080	14.8
B8041	110.891666	35.655	1081	14.2
B8042	111.01861	35.434444	1082	16
B8044	111.0125	35.708611	1083	19.4
B8063	111.1	35.728054	1084	16
B8064	111.189166	35.561111	1085	13.7
B8065	111.148888	35.493333	1086	14.1
B8066	111.091944	35.620277	1087	14.1
B8067	111.166388	35.657777	1088	13.7
B8068	111.197499	35.657777	1089	14.2
B8092	111.708333	35.610833	1090	15.3
B8093	111.64611	35.504722	1091	15.2
B8095	111.516666	35.433333	1092	16.9
B8096	111.400833	35.440277	1093	15.9
B8097	111.408611	35.504166	1094	17.4
B8098	111.609166	35.616388	1095	13.4
B8099	111.665833	35.531388	1096	15
B8100	111.499444	35.544721	1097	15.6
B8101	111.683888	35.575277	1098	13.7
B8102	110.87361	35.18361	1099	17.8
B8103	110.881666	34.992221	1100	16.7
B8104	111.686944	35.528332	1101	15.5
B8106	111.75	35.591388	1102	13.6
B8107	111.634999	35.465	1103	17.1
B8108	111.48611	35.442499	1104	18.3
B8121	110.914722	35.360555	1105	16.6
B8122	110.713611	35.344999	1106	18.9
B8127	110.638888	35.435555	1107	15.9
B8128	110.58861	35.39861	1108	15
B8129	110.479721	35.34361	1109	15.4
B8130	110.711944	35.453611	1110	14.5
B8131	110.747221	35.289721	1111	17.6
B8151	111.342221	35.337499	1112	16.8
B8152	111.546944	35.266388	1113	16.5
B8153	111.470277	35.384721	1114	16.6
B8154	111.331943	35.440833	1115	17.5
B8157	111.284166	35.405	1116	17
B8158	111.320277	35.508055	1117	14.9
B8159	111.321666	35.295277	1118	17.8
B8160	111.119999	35.464444	1119	16.4
B8161	111.097221	35.418054	1120	16.9
B8162	111.203611	35.470832	1121	16.1
B8165	111.385833	35.54111	1122	17.3
B8181	110.739999	35.211388	1123	13.6
B8182	111.603888	35.206111	1124	10.8
B8183	111.775832	35.044721	1125	12
B8185	111.854444	35.339444	1126	8.8
B8186	111.948055	35.160833	1127	12.9
B8187	110.586666	35.159722	1128	12.1
B8188	111.807222	35.173054	1129	15.1
B8189	111.740555	35.156944	1130	14.2
B8190	111.753888	35.317499	1131	14.9
B8199	111.840833	35.353333	1132	16.9
B8200	111.884999	35.24111	1133	11.9
B8201	111.794166	35.158888	1134	13
B8202	111.761388	35.120832	1135	15.1
B8203	112.003611	35.160833	1136	15.2
B8204	111.89111	35.178888	1137	11.7
B8205	111.710277	35.227221	1138	13.1
B8206	111.680277	35.367221	1139	14.3
B8211	110.697221	35.072499	1140	15.7
B8212	110.569721	35.008611	1141	15.1
B8214	110.812777	35.249721	1142	17.2
B8222	110.640277	35.038888	1143	15.2
B8223	110.651666	35.151666	1144	18.3
B8224	110.43611	35.13111	1145	15.4
B8225	110.557777	35.102222	1146	17.6
B8226	110.639721	35.206944	1147	16.3
B8241	111.004444	35.152222	1148	20.2
B8242	111.041666	35.204166	1149	18.5
B8244	111.031388	34.974443	1150	15.9
B8245	110.905833	34.997221	1151	16.5
B8248	110.913611	35.119166	1152	17.8
B8249	111.072777	35.105	1153	19
B8250	111.003611	35.182777	1154	19.8
B8251	111.006111	35.294166	1155	17.7
B8253	110.851111	34.913333	1156	14.9
B8254	110.763333	34.89611	1157	14.8
B8271	111.587777	34.964722	1158	13.3
B8272	111.39861	35.084999	1159	10.5
B8277	111.177777	35.06861	1160	18.5
B8278	111.267499	35.107222	1161	16.6
B8279	111.168054	35.178332	1162	16.7
B8280	111.233054	35.192499	1163	16.6
B8281	111.300277	35.2625	1164	17.3
B8283	111.102222	35.193333	1165	17.8
B8284	111.274166	35.273888	1166	17.6
B8286	111.287499	35.248333	1167	18.3
B8301	110.308333	34.789721	1168	16.5
B8302	110.591944	34.828054	1169	14.3
B8303	110.526666	34.804722	1170	16.2
B8305	110.344166	34.942499	1171	15.7
B8307	110.380554	34.993055	1172	17.1
B8308	110.326388	34.862777	1173	16.5
B8309	110.609444	34.92361	1174	16.3
B8310	110.575277	34.845277	1175	15.6
B8311	110.685555	34.841944	1176	14.9
B8312	110.615555	34.869721	1177	15.3
B8313	110.416943	34.844999	1178	16.1
B8316	110.272221	34.713611	1179	17.1
B8317	110.372777	34.841666	1180	17.3
B8318	110.641388	34.977777	1181	12.9
B8332	111.081666	34.833333	1182	15.6
B8333	111.113888	34.784721	1183	14.3
B8334	111.011388	34.777221	1184	16.5
B8335	111.521666	34.897499	1185	13.5
B8337	111.173332	34.889166	1186	16.1
B8338	111.244999	34.885555	1187	15.5
B8339	111.202777	34.979166	1188	15.3
B8340	111.342777	34.880277	1189	13.9
B8341	111.097777	34.874999	1190	16
B8342	111.011111	34.781943	1191	18
B8345	111.422499	34.879443	1192	12.6
B8361	110.877777	34.752222	1193	16.7
B8363	110.532499	34.625832	1194	15.3
B8365	110.325554	34.640277	1195	15.9
B8366	110.47611	34.707777	1196	16.6
B8367	110.736388	34.793055	1197	14.2
B8368	110.836666	34.724999	1198	16.3
B8369	110.558055	34.685555	1199	14.3
B8391	112.8575	35.878054	1200	11.9
B8392	112.804722	35.751944	1201	11.8
B8393	112.849721	35.787221	1202	10.7
B8394	113.0525	35.852777	1203	14.4
B8395	113.100555	35.822221	1204	12.8
B8396	112.97111	35.868332	1205	11.9
B8397	112.994721	35.747221	1206	17
B8398	113.070277	35.758611	1207	14.2
B8399	112.78111	35.720277	1208	12.2
B8400	112.889166	35.851111	1209	11
B8402	113.076388	35.707222	1210	14.8
B8403	112.786388	35.818888	1211	11.9
B8404	112.811944	35.892221	1212	12
B8405	112.859444	35.951111	1213	11.9
B8406	112.897221	35.698888	1214	13.1
B8407	112.803333	35.689166	1215	12.6
B8408	113.02861	35.798888	1216	11.9
B8410	113.016943	35.693333	1217	13.4
B8412	112.937499	35.777777	1218	10.6
B8421	112.100277	35.802777	1219	10.6
B8423	112.608055	35.706666	1220	9.5
B8424	112.600555	35.618054	1221	10.1
B8425	111.981388	35.565	1222	10.8
B8426	112.195555	35.577499	1223	12
B8427	112.388333	35.731666	1224	8.5
B8428	112.366943	35.854166	1225	6.7
B8429	112.527499	35.610555	1226	9.2
B8430	112.32861	35.806944	1227	7.2
B8431	112.515	35.658888	1228	10
B8432	112.108888	35.551111	1229	10.3
B8433	112.596388	35.825277	1230	11.5
B8434	112.550833	36.017777	1231	13.5
B8435	112.67361	35.713611	1232	11.2
B8436	112.198055	35.876388	1233	11.4
B8437	112.018332	35.440277	1234	11.9
B8438	112.124443	35.732777	1235	12.5
B8440	112.705277	35.877499	1236	9.3
B8441	112.708055	35.987499	1237	13
B8442	112.479721	35.834166	1238	12.4
B8443	112.470554	35.67611	1239	10
B8444	112.587221	35.777221	1240	10.7
B8451	113.200833	35.592777	1241	10
B8452	113.595277	35.631943	1242	15.4
B8453	113.144721	35.789444	1243	12.9
B8454	113.12861	35.650555	1244	13.9
B8455	113.217221	35.84111	1245	14.3
B8456	113.500555	35.706666	1246	12.7
B8457	113.294444	35.688888	1247	9.9
B8458	113.281943	35.841666	1248	11.4
B8460	113.168054	35.853333	1249	14.2
B8461	113.332777	35.573054	1250	4.5
B8462	113.461666	35.795277	1251	12.7
B8463	113.426388	35.625554	1252	12.1
B8464	113.203611	35.715833	1253	12.5
B8465	113.122777	35.584721	1254	14.1
B8466	113.432499	35.756111	1255	10.7
B8467	113.2625	35.550833	1256	13.8
B8469	113.301944	35.785555	1257	13.2
B8481	112.199444	35.478054	1258	8.4
B8482	112.348333	35.410277	1259	8.9
B8483	112.44611	35.432777	1260	8.8
B8484	112.519721	35.490277	1261	9.9
B8485	112.426943	35.552222	1262	9.7
B8486	112.26861	35.422499	1263	10.1
B8487	112.493333	35.362777	1264	9.4
B8488	112.340555	35.507222	1265	9.6
B8489	112.268888	35.529721	1266	10
B8490	112.388888	35.630277	1267	10.4
B8491	112.560555	35.468888	1268	9.5
B8492	112.151944	35.360833	1269	11.5
B8493	112.237221	35.497777	1270	10.8
B8494	112.463611	35.248055	1271	12.8
B8495	112.245833	35.588333	1272	11.4
B8496	112.369443	35.521388	1273	11
B8497	112.48111	35.492499	1274	9.9
B8498	112.576943	35.524166	1275	11.8
B8499	112.538333	35.283888	1276	11.1
B8500	112.330554	35.603333	1277	11.4
B8501	112.225832	35.476388	1278	10.3
B8502	112.38111	35.454166	1279	9.1
B8503	112.401666	35.300555	1280	11.2
B8504	112.268888	35.309444	1281	12.9
B8505	112.258333	35.360833	1282	14.8
B8506	112.058888	35.36861	1283	10.3
B8507	112.457777	35.404166	1284	8.9
B8511	112.977221	35.59861	1285	10.6
B8512	112.832221	35.328054	1286	15.4
B8513	112.67361	35.430832	1287	10.8
B8514	112.679721	35.376666	1288	9.4
B8515	112.701111	35.572221	1289	13.2
B8516	112.942777	35.639999	1290	10.9
B8517	112.675832	35.528888	1291	12.9
B8518	112.796944	35.398333	1292	10.5
B8519	112.915555	35.508333	1293	10.8
B8520	112.65	35.477777	1294	10
B8521	112.862222	35.601944	1295	9.8
B8522	112.780832	35.459444	1296	10.9
B8523	112.944444	35.543055	1297	10.1
B8524	112.827221	35.505833	1298	11.6
B8525	112.754722	35.326943	1299	14.6
B8526	113.095555	35.443888	1300	14
B8527	112.751666	35.377499	1301	12.3
B8528	112.734166	35.641388	1302	13.8
B8529	112.79361	35.547777	1303	12.2
B8530	112.777777	35.673054	1304	11.9
B8531	112.81861	35.570554	1305	10.8
B8532	112.908333	35.397221	1306	10.3
B8533	113.048333	35.490555	1307	10.3
B8534	112.901944	35.532777	1308	10.8
B8535	112.999166	35.442499	1309	11.8
B8536	112.69861	35.500555	1310	12.1
B8537	113.034444	35.580832	1311	14.8
B8538	112.922499	35.453055	1312	10.6
B8539	112.735555	35.282777	1313	15.2
B8540	112.692221	35.329166	1314	13.4
